10000
0
10000
51.47625
50.756924
48.818592
46.355644
46.263172
45.615383
45.569572
44.117538
42.035641
39.716579
39.901577
38.738266
36.963879
37.496861
39.121342
43.764332
44.621002
47.025822
46.705124
45.085449
42.892643
41.341827
39.299595
39.630646
38.54599
36.815399
41.616089
42.615917
45.152397
47.498955
49.680656
55.95668
57.215118
59.417667
58.610989
59.777836
58.462372
55.995937
53.902473
51.205456
51.696781
50.310436
50.610977
52.560719
51.847744
49.878265
48.215473
45.903778
45.049732
43.225819
42.690121
41.093124
41.581749
43.056759
48.35284
54.469612
55.698208
54.540413
52.272804
49.543259
46.677513
45.5331
46.099739
44.925228
42.951305
43.200562
41.964592
43.447647
44.493343
46.144531
45.48954
43.747429
41.537838
39.173046
36.807926
41.304081
45.561035
46.175919
46.718987
46.362133
44.735832
45.096058
45.550701
50.278431
57.758602
59.538834
58.525494
59.595768
60.784843
59.44849
59.486237
59.334415
59.096336
57.127445
54.389061
55.609009
57.843472
57.101509
58.346825
57.11396
57.274723
55.554588
53.833412
53.014172
50.957058
50.066708
48.067902
47.296238
45.441414
43.124504
40.658401
38.197998
35.817551
35.247028
38.108902
38.287567
38.020275
39.24398
41.145397
43.312687
45.539635
47.725353
47.277512
46.42717
47.955406
47.184551
46.181976
44.251179
42.783577
40.736065
38.474277
36.180576
39.033913
39.17944
40.565041
39.957588
40.108707
38.922623
37.131516
38.499603
41.342144
41.410057
41.839985
40.733486
41.468975
40.520882
38.793915
36.747051
36.30756
34.957085
39.998672
41.164951
43.82692
43.730148
42.311352
42.847324
41.760147
39.927502
37.794281
35.583672
33.405231
35.552631
35.468349
34.314835
32.683941
32.57177
31.495741
31.687353
30.784994
32.779121
32.70826
35.889805
39.685268
43.656467
44.193871
43.065113
41.171547
38.970028
41.780117
41.818691
40.524929
38.631798
36.510197
34.345444
32.227898
30.199493
31.671141
33.080898
32.719891
32.368122
31.183403
29.635813
30.507681
29.969082
30.466736
29.749657
28.47167
26.964371
25.394239
27.236792
29.812258
30.113731
29.313515
31.402889
37.359764
39.896877
39.86348
38.596466
39.321899
38.436356
39.350063
43.644463
44.337471
43.278973
41.412426
41.761532
44.860691
44.941444
43.569916
41.543903
39.267094
38.638088
38.820259
37.689522
35.963684
36.551392
35.686623
34.151386
32.342293
32.155231
31.05632
29.553917
29.601677
30.392481
34.060558
34.753487
33.995693
35.110119
36.240376
35.645977
35.938667
37.496647
37.916679
36.928532
35.295074
33.402916
33.991085
33.206882
31.788166
31.805998
30.816454
29.374111
27.759554
26.112946
27.896215
30.42252
33.226414
34.37886
33.853535
32.53886
30.886297
29.123323
29.907827
29.34609
31.548964
35.858971
36.803802
36.102654
34.632954
37.930622
38.324215
37.310589
35.652893
35.434662
34.217854
34.256428
34.048344
32.879921
31.286919
29.539965
32.015892
35.594006
36.195602
35.348698
37.226242
36.959831
35.672031
33.934059
32.034405
30.116714
28.250547
29.861275
29.697842
32.080982
32.218887
31.274048
32.384029
34.44611
34.355572
33.233974
33.349136
35.751518
35.783478
34.675896
33.055744
31.24025
29.387896
32.666386
33.215946
32.437546
33.59095
33.090809
33.508965
35.203457
37.457802
37.365112
37.844822
36.887615
36.967091
35.845188
34.181469
32.309727
30.396793
33.614525
38.347145
39.416874
38.693722
37.132141
35.216843
33.191776
33.72271
32.919483
35.742622
35.976952
37.505711
37.911404
36.91655
35.280228
35.932365
35.117992
33.624805
32.700821
31.230841
31.241545
34.508286
34.994404
34.129734
34.340187
36.757244
38.461483
38.921471
39.617805
41.254192
40.745567
39.222614
40.653896
40.065567
41.919281
41.494171
39.987843
40.554676
42.099487
41.520336
39.93919
37.926434
35.769508
35.307835
33.978096
33.969944
32.900009
31.353676
30.475449
29.097267
27.522215
27.598835
27.61795
31.850855
32.884415
34.045696
35.231865
34.695976
36.743378
40.815708
43.187626
42.971596
42.367729
44.141762
45.305408
44.442562
42.633492
42.123486
42.253452
43.535114
44.481308
44.388287
42.950684
43.457523
42.337219
40.470535
41.697544
40.978386
39.346996
39.025471
37.646385
36.651012
35.022778
33.141674
32.046535
30.514887
28.82163
30.49749
30.345373
29.320038
29.604265
28.811771
27.526981
26.046064
24.517391
26.407398
26.486481
25.693283
24.506023
23.166742
23.493284
22.912876
21.91507
20.7481
22.08169
22.029278
23.858002
23.98765
23.297167
22.234425
24.419846
24.70319
31.699675
34.06535
34.13258
33.093742
32.404671
31.056814
32.828434
36.042744
36.45554
35.509789
33.941208
34.667885
35.625801
34.967899
33.554581
31.822773
29.99234
28.171972
26.413574
28.133722
28.077042
27.168736
25.879873
24.448698
24.690847
27.425945
29.575766
32.225403
32.486782
31.59284
31.868862
31.00135
35.550621
38.316841
41.836643
42.214333
43.616226
42.920822
41.239906
40.83519
39.359364
37.415359
41.246323
41.791981
40.742592
42.353603
46.888683
47.595486
48.986561
48.117451
46.190018
46.359974
50.077175
51.987892
51.274162
51.019131
49.295582
49.466003
47.995567
47.479939
45.742298
46.01746
44.705536
44.369305
45.360649
44.413322
42.564575
40.340885
41.400486
40.610218
40.653072
41.943092
42.943283
42.076073
41.187542
42.013474
41.091736
39.359501
37.292362
38.522823
37.904934
38.96386
38.249722
38.403206
37.271767
35.558723
36.165257
35.321671
37.201653
36.937191
37.347836
38.918255
38.451237
37.020275
36.019646
36.95388
41.333351
42.139755
41.204666
39.46249
39.932541
41.450382
44.272236
44.238277
44.530525
45.818657
44.999519
44.890762
46.82338
46.282238
44.569962
43.197285
41.1824
38.922279
36.615299
34.358212
33.044327
31.376291
29.590492
27.804186
26.073681
27.81789
30.327888
32.278515
32.202492
31.155418
32.220009
31.720228
33.029972
32.622532
31.403107
29.831921
28.141125
26.44593
27.347012
26.921618
25.872461
24.556643
23.154034
21.753752
23.79213
24.024551
23.382263
22.340006
21.138351
19.897842
18.677607
18.353781
17.622295
16.717949
16.607353
16.033077
16.102512
18.175745
18.601156
18.221754
17.467709
17.405775
16.829815
17.721844
17.594154
18.677502
18.611713
17.996058
17.135618
16.184603
15.219938
17.672586
18.296022
18.021307
17.32383
16.445187
15.507099
14.5699
15.359335
15.256514
14.728362
14.012489
15.774129
16.125246
17.484661
19.285707
21.242342
21.515518
20.971548
20.052162
22.374918
22.788395
22.271866
21.324858
20.2008
19.026987
17.866102
18.444674
18.992146
18.659103
17.913595
17.841776
17.247383
23.207855
25.342409
28.117573
29.416542
29.117313
31.453463
31.58848
30.662043
29.25485
29.357729
35.27306
39.552521
45.457157
46.866695
48.618176
47.933708
51.191154
51.149281
49.524048
47.189297
44.587067
41.937992
39.349571
36.871502
37.917797
39.775639
39.419758
38.011803
36.991089
35.340008
39.376774
40.079967
40.856766
39.947723
38.257492
39.638718
39.058208
41.795708
41.79892
40.488773
38.588921
36.465446
34.301205
33.033672
33.085052
32.071484
30.578217
28.901411
27.189066
25.513395
23.907927
27.476957
28.328907
27.849119
26.744732
27.920212
33.547432
35.197472
40.824219
42.245678
41.602726
41.68515
40.416611
38.539009
40.669781
40.416935
41.572357
40.82272
39.181606
37.163803
35.0284
36.297115
35.767445
34.390621
32.650101
30.789526
28.929668
27.128521
25.41209
25.487028
24.723202
27.822496
28.437983
27.841194
26.680862
26.983084
27.129873
26.34901
29.389093
33.320606
37.556892
38.413013
39.315582
42.757324
50.704231
52.929993
54.883247
54.099117
54.570004
58.174091
58.927982
59.137661
59.079365
57.197365
54.498512
51.49202
50.977295
52.523952
51.618561
55.50264
55.62645
53.940296
51.437725
50.318321
48.201622
45.672344
43.024242
40.402233
37.874973
35.472553
34.902302
33.533115
33.519993
32.461784
30.934834
29.230667
30.040045
32.879707
33.211807
32.32909
30.890587
29.230288
30.060755
29.516294
28.328527
26.869055
27.021681
26.247013
25.05127
27.084421
27.210999
31.508295
32.583534
32.077473
30.82778
29.260134
34.376167
38.29987
38.982548
38.087112
36.461819
36.233768
34.987171
33.290485
31.430866
29.551338
27.721241
28.517498
30.550249
33.113075
33.30489
32.351871
30.878893
30.0508
28.71003
27.165096
25.570585
24.002295
25.041018
25.602509
25.068752
24.874105
24.000032
24.523865
24.005878
23.003746
21.800533
20.538498
19.287813
18.930233
18.164425
20.620186
21.152617
23.289753
27.827377
29.133554
28.846684
30.34885
32.66317
32.749737
31.763588
30.293154
30.333078
29.400347
30.574947
30.179632
31.587881
31.273018
30.140396
28.650551
27.035887
25.41193
25.531286
24.787407
23.652258
25.75841
25.961678
25.2446
24.107973
25.350716
25.152065
26.812555
26.768688
25.907589
25.529381
24.546602
23.304243
24.521425
26.881733
29.717035
30.146276
30.25482
29.357521
28.005272
26.47694
24.911997
23.378576
21.908415
20.514778
19.201632
17.968353
16.812128
15.729202
14.715468
13.766778
12.879095
14.593783
14.959379
17.210743
17.751987
23.393669
25.369282
28.915668
29.711605
32.555099
39.686451
41.866261
41.599419
40.165817
42.458797
44.77293
44.479382
42.942574
40.85685
38.572929
39.6591
38.93623
39.063969
39.596252
44.548134
45.528572
44.570747
42.712013
42.17569
43.139778
42.249062
40.495411
40.079136
38.621464
36.709351
36.335785
35.016079
33.283375
31.406673
32.064915
31.374825
35.149197
35.859024
35.074661
36.142441
38.066311
40.340996
40.167583
38.823788
36.960026
35.753399
34.051865
32.166019
31.099237
29.610914
27.966841
26.299551
24.673433
23.118118
23.342421
23.566038
26.327513
28.524481
33.774975
37.782104
38.521103
37.66721
36.075043
34.178238
32.194633
31.9284
30.798565
32.68301
32.562492
31.482761
29.976187
28.311878
26.624039
24.977871
25.100168
26.916449
26.944139
27.808702
27.351284
29.666882
31.544882
31.456982
30.427607
28.978344
27.372875
27.439568
27.458912
26.606516
27.05896
26.427128
26.142731
25.185747
26.480951
28.817236
29.035051
32.470512
33.101616
32.365974
30.996962
29.366695
27.662102
25.975306
24.349998
25.350418
26.732201
28.253799
31.491596
32.058475
31.324715
31.686085
32.562107
31.961016
34.062954
34.851982
34.13726
37.81311
40.937222
41.153088
39.96534
38.140686
36.067406
37.333366
37.61824
38.271366
39.080864
38.243275
36.640842
34.721359
33.55822
35.340065
35.935287
35.093475
36.13308
38.89212
38.996811
37.823334
36.07275
35.796753
34.540821
32.853668
31.012333
31.699921
31.035395
29.7423
28.187859
31.647099
32.31546
31.622375
30.297134
31.25506
34.976349
35.666088
36.574924
35.863686
36.093441
35.071117
33.47953
31.664454
29.799
27.967869
28.755915
30.777222
34.17585
40.674545
42.519482
42.071308
40.535801
41.071426
40.039825
38.287842
36.244827
35.822968
34.496162
32.776367
33.466984
32.748455
33.920856
33.419487
36.371944
40.890633
44.322979
45.429058
49.625084
52.628376
54.964523
54.361732
52.366283
49.764545
46.953236
48.371502
47.534744
45.641167
43.299374
40.815823
40.887314
46.42577
47.629017
46.712284
47.351288
46.172264
46.702244
45.491211
43.481979
44.546032
44.507572
43.092415
41.060406
40.492714
38.949326
36.985756
34.881985
37.867294
43.203247
44.410347
43.596481
41.837463
42.224899
41.085911
39.249531
37.135811
34.955208
32.810925
30.751358
32.190735
31.871889
34.112164
34.117702
33.049702
34.893219
34.683666
33.494595
31.872383
30.093035
28.294044
29.087284
28.555483
29.10076
28.44944
27.243822
27.506626
26.769651
27.272421
29.203262
33.456223
36.994255
37.532661
36.613441
35.022964
33.159988
33.769783
33.002941
31.598951
29.932993
28.193489
26.473255
27.361446
26.92942
25.876842
24.559235
23.155682
21.7549
20.399391
19.108183
17.888376
16.741129
15.664746
15.504579
14.941095
15.049983
14.629992
16.514362
16.901201
16.55662
17.568346
20.896576
24.384586
25.29467
27.483217
27.671938
26.894197
28.22187
27.97393
26.976978
25.651577
24.209995
22.75786
23.891428
23.68614
25.389441
25.410799
24.623632
23.472828
22.183496
20.868073
19.581404
20.894125
20.868946
20.201963
19.247644
19.882074
19.562862
18.795639
21.230911
23.431131
23.752613
24.858442
24.609486
27.111237
27.462063
26.768766
28.140938
27.916914
27.781641
29.390055
29.240282
28.250753
26.888933
26.239435
27.649258
27.458733
26.505541
25.21594
23.805233
23.229025
22.223316
21.042873
19.81555
20.301025
21.593935
21.537277
20.834209
23.236307
27.054476
29.736153
33.484634
34.234249
37.761993
38.27137
37.315018
39.926701
39.928146
38.675858
36.86068
35.680508
35.690777
34.575684
34.651867
33.601048
32.041889
30.28751
28.4944
26.738979
25.056746
24.310844
23.18968
23.620264
23.085844
22.104694
24.333378
24.640213
27.407948
27.877207
27.227785
26.061411
24.683365
23.246895
26.069426
26.607014
26.030268
26.633192
26.086996
29.248024
36.635628
39.034275
44.051819
45.079365
44.158264
44.026924
42.582222
40.552032
40.00116
38.481289
42.482483
45.616341
45.690056
45.988461
44.688602
42.661888
40.349678
37.972878
36.488056
37.17506
38.035233
39.799976
39.398624
38.817886
39.866005
39.118378
37.531704
35.591827
33.543179
31.50658
32.084877
31.355776
31.718403
30.897215
33.775196
40.884804
43.016571
44.387367
45.349644
44.388695
42.534164
40.308674
37.974815
37.358967
35.890785
34.05933
32.110832
30.167297
28.287107
29.88998
31.418653
31.166925
30.06798
28.596565
26.992456
25.374931
23.801718
23.995981
23.336267
26.529079
27.230093
26.712278
32.412514
34.981613
37.663006
37.768982
38.331455
39.943924
41.161713
43.000122
45.927334
49.285625
49.352005
47.835144
46.453876
46.029457
46.077969
50.594078
53.720703
53.536602
51.768124
49.294186
49.104221
47.472031
46.895172
45.146461
42.889778
42.156769
40.481777
38.406898
36.20507
36.556553
35.578197
36.536991
35.850937
36.941563
36.306133
37.406811
36.7616
37.843277
37.175243
35.68779
33.853424
31.910009
31.672014
30.563789
29.072374
27.443708
25.80024
24.201229
22.673759
22.925371
26.56881
30.878605
31.979612
34.050079
36.521202
36.562031
35.434265
34.629025
33.155563
31.4074
29.582142
32.019138
32.184841
34.648033
37.289017
37.387337
39.654892
39.499592
40.730659
40.043766
40.15403
41.492115
44.226318
44.151714
42.730347
40.70673
38.45734
36.170116
35.633274
34.257236
32.521263
33.212128
35.895306
36.906025
36.233299
34.773163
32.980633
31.08469
30.046993
31.999269
34.477985
34.586571
35.250141
34.462669
35.548176
34.953995
33.571709
31.854275
34.271744
34.357395
33.320362
31.776632
31.734779
32.415596
34.270565
34.08606
36.321388
36.255222
35.085705
33.422943
31.575474
32.242435
31.550985
30.228762
30.341875
29.444044
28.088827
26.55644
24.987055
27.691156
28.12096
27.444935
27.955772
29.869057
31.547491
31.363644
30.291122
28.825407
27.216841
25.590139
24.005781
22.491478
23.603542
23.396957
22.563511
21.455135
20.249491
22.42856
22.771347
28.160196
30.713194
30.975586
30.12957
31.32292
30.913151
29.746235
28.252296
29.193356
31.274427
31.292551
30.319254
28.900326
27.311874
25.691856
24.107508
22.590019
24.545864
24.714985
26.565826
30.014736
30.72937
30.10828
31.410339
31.898426
31.131859
29.786707
30.751091
30.249277
29.058994
27.575396
25.997461
24.42374
25.446634
29.381382
33.742844
34.77879
34.184959
36.220573
38.606861
38.541473
38.997375
42.234589
43.312462
42.470974
40.733994
38.621449
38.091591
36.641739
34.795509
35.362026
34.524414
33.038696
34.681915
34.382793
34.008556
32.761578
31.982946
33.150501
34.367783
33.873951
34.270554
36.779209
36.829937
39.092133
38.951927
41.055832
42.474762
41.823372
41.046444
39.385181
41.593334
41.34866
39.933582
38.00074
35.879879
33.735256
33.343353
32.108749
30.50816
31.327211
30.737514
29.489706
30.510147
30.042826
28.875595
27.40881
25.844193
24.281666
22.769199
25.570225
26.113163
25.554457
24.484186
23.201788
21.857737
22.223068
21.701149
20.769466
22.215401
22.212746
22.362803
25.126715
25.665731
25.119198
24.06843
22.808437
21.487505
20.178743
18.91691
21.959211
22.731337
22.388859
28.308975
30.264071
32.798588
32.986675
32.890255
38.599014
42.674877
43.29335
43.928608
44.551991
45.99852
45.249809
43.470184
44.644897
47.201691
46.948502
45.353588
44.861107
43.216755
42.767593
42.906548
42.475231
40.93515
38.910843
36.717476
34.511761
34.066128
32.783051
31.138014
29.370745
27.600225
25.883698
26.792191
26.387772
30.455849
33.999226
34.634197
33.85231
32.414448
32.403427
31.381277
29.905546
28.258274
26.580309
24.940245
24.218262
23.959887
23.083902
21.938761
20.700281
19.455826
18.24757
19.639807
19.692179
19.099377
18.215282
17.219038
16.200176
17.747637
17.933943
20.85424
21.602446
23.829098
28.392797
29.693764
29.386797
28.317165
28.611595
29.551947
29.076218
27.935276
26.510639
26.691248
25.940384
24.765707
23.42432
24.59016
24.37845
23.511747
24.902838
26.486311
28.960884
29.240606
28.457352
28.036533
26.954592
25.589056
27.523773
27.589306
29.30019
29.202454
28.239117
26.890234
25.398506
23.884996
24.105305
23.454664
25.799725
26.116449
28.842607
29.246876
28.523251
29.825798
32.06065
32.12796
31.152081
29.705767
29.775692
28.874882
30.929697
36.036411
38.206738
40.595398
40.468746
39.137955
37.270576
35.204056
33.106762
31.06049
29.102938
29.794624
30.888666
30.444811
31.821434
31.484043
30.333975
28.829679
27.202446
25.56724
23.979511
25.858007
27.645597
34.423843
36.599213
38.192333
42.00098
42.512272
41.423756
39.601006
39.179604
40.292904
45.50198
48.272842
50.634033
54.421165
54.532368
52.874481
50.418907
49.354084
48.990646
47.278706
44.972801
42.453957
39.911877
37.438423
35.92395
35.766003
34.567764
32.907471
31.925751
30.452349
29.637428
28.315964
26.792681
27.765444
27.361357
29.702242
29.894487
31.593897
33.115486
35.352303
35.317265
35.888947
35.885689
34.757992
39.064396
39.906921
39.059235
37.426376
35.467613
35.110596
34.685715
38.483547
40.796837
40.62764
39.271442
37.387672
35.309628
33.203445
31.149891
29.186033
27.326885
25.576376
23.93298
22.392614
20.950043
19.599741
18.336121
19.698986
19.735403
22.527174
23.161146
22.738823
21.822412
20.697433
19.507593
18.323933
18.877186
20.247345
20.270035
19.644848
22.970081
23.84638
23.518948
22.623627
24.028843
25.646526
29.0123
31.415241
31.583548
32.370052
31.732016
31.278166
30.07863
34.497387
35.53717
34.921394
35.226555
34.267677
32.731754
30.966892
32.541031
32.275928
31.135738
29.611032
30.494673
29.962124
29.6145
31.0634
33.329708
33.372295
34.890686
37.070274
40.347435
40.655315
39.527382
37.745216
35.704742
33.604233
31.540806
32.953541
35.99157
39.714897
40.256924
39.25396
41.782391
41.685623
42.876209
42.102551
40.409725
40.025352
38.58469
36.681896
38.010464
37.455757
39.407524
43.350311
46.42889
48.995739
48.691067
47.01675
44.737129
42.238304
39.712635
39.798477
41.136002
45.577942
46.281124
45.166512
43.213779
43.464973
42.221642
40.299511
38.111626
35.864792
33.660164
31.544962
31.235905
30.107243
28.620337
27.008024
25.38608
23.810408
22.306408
23.429222
24.081678
23.639353
22.685066
21.514835
21.974409
24.050753
30.2321
34.797512
35.898327
36.997311
36.364151
36.615688
37.284252
36.435349
38.277836
37.961575
38.315201
37.282673
38.161968
37.386738
35.841145
33.974049
33.707939
35.067516
34.620075
35.863945
37.881126
37.661247
38.07058
37.072475
35.429707
33.528854
31.563681
29.629295
27.770405
26.006096
24.342581
22.779696
21.314173
19.941416
18.656286
18.301971
17.557457
17.497286
16.9193
16.110744
15.216823
18.551947
19.571634
19.44722
21.322384
21.553915
23.533932
23.746424
23.103294
22.069391
20.880236
21.350632
20.906555
21.73399
21.449369
20.639568
19.602917
20.186647
20.681925
21.967598
21.895737
21.174114
27.798647
31.804893
36.973042
38.295074
39.42511
38.730663
37.181698
35.270927
33.246319
32.92738
31.740898
31.87175
30.934422
29.513475
29.601612
28.715012
27.388058
30.981646
31.735428
31.101583
29.821135
29.118704
27.86754
26.392086
24.855206
23.337048
21.875517
20.487061
19.177267
19.643162
21.795712
24.690815
25.306524
24.808102
23.790205
22.554733
24.647142
24.878672
27.602762
28.044947
29.922447
29.88522
28.929508
29.259436
28.499699
30.634048
30.697845
29.765156
30.07992
29.287153
29.684116
30.640059
30.13769
28.95063
33.410782
36.201347
36.405632
39.603302
42.441544
42.472919
45.397137
50.467445
55.56102
57.960705
57.29443
55.176437
52.427647
50.310555
47.71489
47.516037
45.92942
43.726032
42.992374
47.229622
47.782684
46.548847
46.192253
44.571415
42.39423
40.018135
37.621059
35.289139
38.152084
40.875122
40.900303
39.628899
37.774628
35.698605
37.823208
40.201942
43.476471
43.68491
43.262539
41.702023
39.643867
37.411232
35.164879
35.527626
34.586967
36.443375
36.191383
36.631424
35.693253
34.122532
32.297302
31.25551
29.774294
28.976915
29.381395
31.198843
31.09271
32.611225
32.317181
31.161804
29.628979
27.962955
26.28525
24.654572
23.097662
22.473438
21.468378
22.008743
24.971218
25.610483
25.113846
24.0872
25.383413
25.209429
24.334763
23.151001
21.85593
20.548033
23.517027
26.750259
27.463739
29.489782
32.082672
32.321266
34.815189
37.465691
37.563019
40.672997
40.890366
39.71159
37.899212
35.839409
33.725376
33.348454
33.817703
32.981846
34.938976
34.782562
33.615917
33.697468
32.679176
31.164568
32.004311
35.645317
36.275517
37.985046
37.614113
36.255592
34.465336
35.069099
34.258579
34.49102
33.520283
32.002136
30.268684
31.031445
30.423988
29.177492
27.663164
26.067717
24.483381
24.650896
23.95779
22.87306
21.63427
24.602367
28.649517
29.694319
29.264307
30.68462
32.100685
31.773468
30.619223
31.64916
31.150658
29.933676
29.258196
30.560806
34.469425
35.265072
34.54055
38.199055
38.757504
37.809494
37.864441
37.55101
38.767269
38.98328
41.25729
42.751614
42.127747
40.506077
38.456051
36.264618
38.31604
38.947353
40.573544
40.92979
39.816444
38.032234
39.375362
38.784843
37.284088
38.786842
38.291447
39.397087
41.236992
42.523457
42.655319
48.167267
49.303139
48.301525
47.153076
45.121761
44.426918
43.547428
41.758427
39.588741
37.304272
35.036381
35.392826
36.15015
35.379456
33.899055
33.821014
32.722187
31.167542
29.442774
27.690413
29.373375
29.259953
28.287247
26.932379
25.436445
23.91972
22.440609
21.025957
19.686678
20.970821
20.929516
20.252882
19.292334
20.770758
23.374254
24.739611
24.619038
23.788548
28.581959
29.98731
29.721283
28.660812
27.25206
28.26543
27.865143
26.798441
27.990334
30.229641
30.35655
30.313278
34.431633
40.419598
42.027229
41.480537
39.916229
42.154278
41.90638
43.865826
47.672401
49.701504
49.116409
47.294044
44.934612
44.936459
45.223976
43.942913
41.94862
39.674347
37.33699
36.739464
35.299515
34.348591
34.510742
33.505642
31.971436
30.231255
28.446739
28.39373
27.477243
26.17478
24.72781
25.802032
26.356689
25.795994
24.717171
26.816954
26.983942
26.217365
25.026438
27.06267
27.191422
26.399969
25.191357
26.365541
27.798914
27.615002
30.902088
31.511147
30.814825
29.513361
27.962111
26.33955
24.733646
23.186167
21.715288
20.327362
22.416447
23.564791
23.376844
24.249796
23.908079
26.387289
26.750019
26.084766
24.946686
23.617203
27.327902
28.252596
27.810129
26.724901
25.36499
23.915846
25.0145
26.454
30.557259
31.569141
31.064478
31.544054
30.784504
29.453634
27.890106
29.657528
29.575733
28.608334
27.245916
25.736528
24.203922
26.101858
26.194334
28.810349
30.859524
35.117359
38.605595
42.463112
42.983349
41.88438
40.042133
42.142746
41.829174
40.365925
38.396374
36.245483
37.468555
36.880196
35.440273
36.181702
35.402393
33.917118
32.13937
30.276941
30.977472
30.341841
29.084375
30.112906
32.207142
33.89912
33.647999
35.016666
34.575169
33.278111
35.004414
34.735104
33.515701
34.42347
38.021233
38.556099
37.603062
37.66209
40.750565
42.65197
42.226746
42.394199
41.144238
43.494724
43.258762
41.787903
40.618484
38.782169
36.68314
37.069008
36.091068
37.033978
38.869892
41.077122
43.39341
43.144192
41.670582
39.655125
38.291077
36.434284
34.399105
32.342117
30.339199
28.425108
29.158939
28.596365
29.125574
28.465752
28.952345
28.277506
27.065994
27.331543
27.449789
26.645172
25.422558
25.734337
26.773312
26.432161
25.438822
27.557028
27.709637
29.458576
29.374161
28.411816
29.603199
29.246441
28.157305
26.75058
25.235449
27.109413
27.158764
26.330185
25.105949
23.730089
22.324564
23.494118
23.318592
23.350916
22.633667
24.97249
25.312185
26.37781
28.607075
28.780069
27.960011
27.537117
26.469851
25.126577
23.6929
24.805981
28.804161
29.820601
29.372999
29.933054
29.262714
28.022442
27.395763
26.235052
24.854271
23.411118
23.680094
23.066177
23.744261
23.324827
24.088215
23.698952
22.76829
25.848789
26.517212
31.096514
32.320118
35.287193
35.60495
34.640236
34.786617
33.765289
33.911945
32.918182
31.407869
31.393639
30.401636
28.971128
27.374903
27.445965
30.012419
30.30327
29.492016
28.176868
28.357777
27.554768
28.001181
27.336872
26.159948
25.622133
24.559761
24.975588
26.936754
27.8818
30.005955
30.084562
30.875032
30.285803
29.052395
30.941877
30.878424
29.878941
31.854841
31.804241
34.17548
34.24194
33.199303
34.201881
33.610142
32.271198
30.615377
28.859329
27.110264
25.419415
23.809605
22.28923
20.859522
19.518232
18.261492
17.084806
15.983497
14.95295
13.98873
13.086631
12.242677
13.998329
14.402293
16.689556
20.658014
21.915808
21.832186
24.500507
25.861656
25.703857
24.821445
23.618696
22.29982
20.96657
22.213448
27.205645
28.749674
28.589087
27.614792
33.067459
34.648701
36.866062
36.774174
35.576023
35.580925
34.466713
32.84993
31.042522
29.200258
27.399067
25.674131
26.585155
26.188454
25.176092
23.89979
22.536772
21.174875
20.704657
19.829071
18.786266
22.786268
23.992426
23.818842
22.988005
21.867561
24.885176
27.250427
27.531317
31.892677
33.835022
33.706161
32.586521
31.026159
31.848272
31.243694
29.972849
30.118675
29.243559
27.905531
28.932369
28.517626
27.423512
26.037407
24.554581
23.071814
24.180815
23.954647
26.4879
28.570215
30.370592
30.282259
30.986338
30.352119
37.579021
39.870861
40.568851
39.630997
37.936874
36.781082
35.071716
33.150101
31.186852
29.265211
27.423857
25.67885
24.034882
22.491032
21.043713
22.233395
22.955484
23.430347
26.316751
28.574057
28.761562
27.949051
30.075327
30.152788
29.243773
27.889446
26.363762
24.803637
27.517935
32.200089
33.438461
32.983925
31.730539
30.132786
28.419767
26.705153
25.043579
23.459616
24.507841
30.181023
31.958771
31.809732
30.73992
29.261419
27.633038
28.528963
28.064003
26.959991
25.583702
24.119814
25.204994
26.632048
26.481722
25.578497
26.038786
27.987942
30.591032
30.881332
33.445271
36.172401
38.043915
37.748966
38.119469
37.101196
35.447849
33.541332
31.573053
31.333681
31.93222
32.914429
32.353302
32.765305
33.631779
32.992546
34.195362
33.700001
32.404533
30.765409
29.012684
29.805582
29.251085
29.763622
29.075787
27.832975
26.362616
24.829103
23.313379
21.853767
20.466909
19.158522
19.625677
21.779383
24.675554
26.989052
27.253284
26.52496
25.342768
25.67646
28.424582
30.549328
33.156368
33.368065
32.422611
30.951044
29.272963
27.548347
25.855505
26.776253
26.37822
25.359268
24.074053
26.094885
26.246611
25.495838
26.880346
26.701799
25.778111
30.464308
35.152714
36.301445
38.259193
42.240906
47.918175
49.98967
49.415897
47.589569
46.067348
43.890572
44.861328
43.919781
42.089279
41.586094
41.736183
40.498535
42.87521
42.671253
42.082611
40.479294
40.984123
39.940464
38.185806
37.841522
40.730656
42.53693
46.311642
50.064964
50.296585
48.829464
46.592491
44.055927
41.455059
41.450161
40.147034
38.261272
36.154865
34.856949
33.139706
31.274942
35.336639
38.723789
41.680664
41.792873
41.383656
39.888435
37.918541
35.782448
36.178783
37.779007
41.604069
43.832466
43.527264
44.559956
43.657597
41.854172
41.371349
39.841148
37.855934
37.411259
38.568874
40.45974
40.098251
40.363113
39.22366
37.445503
37.113171
35.788879
37.423332
39.579166
39.372593
41.431427
42.816921
43.835518
43.797569
42.404911
40.405277
38.176895
36.756939
34.921478
34.640812
35.964111
35.471127
34.121212
32.402073
31.407959
29.944859
31.696009
31.542446
35.569256
36.387146
35.638107
34.159973
34.923241
34.193913
35.315762
39.836742
43.303265
43.609367
42.387871
40.470989
39.128681
37.256042
36.88427
35.548252
37.184593
36.803646
35.465729
33.710159
31.809092
29.897787
28.041553
26.270012
25.443148
24.247574
22.912403
24.097301
23.91021
27.312021
28.937248
30.506575
30.302994
30.102667
29.06179
27.649866
28.649218
30.775368
33.376007
36.97131
37.537975
36.63216
36.744312
35.645111
36.543774
35.828621
34.360783
34.274281
33.157185
31.580112
29.831617
28.904057
27.551491
26.037254
24.492882
22.982494
21.53583
20.165169
18.874023
19.358393
18.983551
19.904577
23.964334
25.162226
24.947954
24.062143
27.971994
31.517319
37.321514
42.331707
43.409702
42.56522
40.823872
38.706379
40.716698
40.404518
38.986637
42.172588
43.227768
44.074852
43.098587
41.277203
39.107048
36.837482
34.591408
37.517479
37.745544
36.670582
35.851917
37.727219
39.140827
38.591499
37.1166
35.243439
34.934563
35.386726
36.190228
36.288868
35.197445
33.568703
31.732971
29.855446
29.713564
32.106564
32.248405
34.698132
34.785881
33.736412
32.173653
32.110199
34.465675
34.515446
37.698219
41.437511
44.478348
44.543091
43.176388
42.013416
43.530018
42.892418
41.240139
39.152405
36.921001
34.690613
35.924324
35.389515
35.718891
36.452999
39.055248
41.624729
41.55262
40.214016
40.005917
38.650536
39.331837
40.121601
41.787056
41.275661
42.279949
41.435524
39.729656
40.208752
40.873859
39.910633
38.19556
36.17318
34.066666
31.985828
34.224651
35.922764
35.611053
36.889034
36.345238
35.791897
34.402927
32.656189
33.337639
34.315556
33.708408
32.358982
30.695374
28.933079
27.178688
26.331535
25.09833
23.718399
25.704908
28.397587
29.648149
32.71199
33.15704
34.875496
34.606426
33.39122
31.759686
31.676193
30.642071
30.880579
36.813271
45.294735
52.189034
53.862648
52.9762
50.888
50.833294
50.908623
51.892418
50.736488
50.285923
48.491478
46.107891
43.516113
43.450886
45.4496
46.680172
45.806309
45.645935
44.13649
42.026428
39.694122
37.328255
35.020512
34.509899
36.575294
36.41954
35.201843
36.905891
36.566212
36.952377
35.978237
34.381313
32.535378
31.476171
29.979656
32.562088
32.780605
31.856861
30.413483
28.765806
32.162106
32.784103
32.054028
30.697483
33.324615
33.540661
32.591873
32.810223
31.885447
30.440683
30.488291
29.55439
28.178387
29.178419
28.743078
27.631996
26.231201
28.128841
29.005964
28.517004
27.387266
25.985201
25.344734
24.24176
24.648069
24.918131
25.962687
25.649645
25.542772
24.689886
23.505449
22.198915
23.419958
26.665085
27.386959
31.96464
33.16024
32.693878
31.443924
31.553602
30.616098
29.205038
31.004416
32.592503
32.332485
31.192959
29.666771
29.699556
28.783297
27.43996
25.933641
24.39633
22.892359
21.451607
22.631632
25.881796
26.630659
26.154642
25.105253
23.813387
22.445606
21.084284
21.465588
20.975109
20.081305
19.021832
19.612831
21.826427
25.598293
26.606628
26.255981
27.808832
27.682005
26.752382
25.466368
31.685127
35.374508
36.036446
35.223515
36.272903
38.183838
41.297028
41.496361
40.289883
38.446064
36.353992
35.905125
34.562782
35.378635
34.660259
33.227535
31.496687
29.676941
27.871611
26.129845
24.473288
22.909637
25.681669
28.752377
31.021769
33.683479
33.904869
32.947243
33.998558
33.436607
33.814217
32.934444
33.175179
32.24971
30.793175
29.127274
27.413067
25.729485
27.507027
27.497587
26.630138
25.377817
27.373543
29.169891
29.117292
32.420296
32.989357
32.227448
31.698547
30.44978
28.894444
28.937468
28.898434
27.97282
26.650419
25.178944
23.682047
22.21991
24.21394
24.411821
23.740797
22.673491
23.146139
22.646788
21.69627
23.952482
24.284496
25.378683
25.107822
28.431801
29.136116
30.256866
29.845675
28.711594
27.265871
25.715849
26.709579
26.348692
25.348497
24.072641
22.704401
23.031546
22.465918
25.731237
26.492115
26.026207
30.076099
32.774269
33.890118
33.362553
36.304195
39.123016
39.249187
41.471699
44.631374
44.748394
43.400318
41.390884
39.12685
36.811577
35.39275
36.145813
35.373207
37.285671
37.034168
35.751202
34.013058
32.110859
30.189539
31.712942
33.994652
34.023773
32.970062
31.429308
29.70299
27.941713
27.067326
25.797945
24.378681
22.931973
21.517471
26.95005
28.713617
28.659601
32.824688
36.340332
36.888496
38.539379
38.12291
36.726532
37.448513
38.316906
37.531578
35.976585
34.100727
36.371632
36.320972
37.702049
37.182243
38.310963
37.650837
36.152256
39.388374
43.948658
44.759819
44.593216
43.113796
44.443867
43.688007
41.953987
41.501358
39.981594
37.996971
35.85136
37.937759
37.749332
38.171005
37.175686
35.531017
35.322872
34.114418
35.008648
36.036331
37.944271
38.518333
37.585297
35.957684
34.047546
32.061646
32.64687
31.90346
32.242027
31.392857
29.999847
30.086145
29.183451
27.834076
26.312504
28.149553
28.148542
27.264719
25.984615
24.554344
24.793636
24.13051
23.054764
21.814596
20.534369
20.123478
21.839819
21.97883
21.355879
20.386503
27.76515
30.437866
30.766397
29.958706
28.630634
27.094284
25.506115
23.942894
22.440723
24.408594
28.829819
35.987438
38.295952
39.051369
38.188725
36.575985
34.65358
32.642757
35.742996
36.110405
35.153671
36.984589
41.79377
42.79211
41.928741
40.198307
38.105671
38.449982
38.257156
37.812382
38.108948
37.0555
39.628677
43.86298
44.520287
51.922901
56.394203
58.46888
60.175735
63.349155
62.88541
64.082832
62.646973
59.991402
56.833302
53.532944
53.661442
52.039211
53.02058
51.828091
49.628925
47.863625
45.513718
48.047176
47.756226
46.117844
47.277283
48.895771
48.138718
47.961239
46.37093
47.545528
46.617645
44.709042
42.389343
41.641724
39.975891
37.921284
35.744427
37.819172
37.628872
38.901833
40.83765
40.48592
41.591675
40.817585
39.164883
37.99044
38.779354
37.941338
38.893383
40.675358
42.799992
42.477341
40.989407
40.685234
40.110779
38.576157
40.870502
41.538315
40.55555
41.356037
40.442726
38.734924
36.699089
36.266422
35.768917
34.40749
35.219044
34.503624
33.077248
33.050934
33.697926
32.951199
31.558485
29.899225
28.164003
27.295132
26.869673
25.822107
24.508631
23.108652
21.711058
20.358469
19.069935
17.85261
20.101292
23.095737
23.809216
23.404743
22.475998
24.718201
25.019457
25.227407
26.232426
25.891935
24.915878
23.665184
22.321829
21.824516
20.90078
19.80121
18.651695
17.514267
16.418335
18.77033
21.856173
22.652439
22.324034
23.162546
22.838419
21.966038
20.857716
19.670835
18.483477
17.333153
18.781914
18.888361
18.34675
17.510862
16.559872
15.583439
18.019028
21.168596
22.017056
21.733644
20.915504
22.411396
22.42659
23.426905
24.869009
27.326433
27.649204
30.330175
30.666065
29.865057
28.543125
27.012484
25.429609
23.871344
22.373793
20.952393
19.612173
18.352999
20.565887
20.983356
20.5254
19.661314
18.629293
17.549007
16.479431
17.993757
18.156441
17.664804
16.874321
15.965113
15.027414
14.105453
14.916784
14.838366
14.335054
18.733864
20.258747
20.35541
19.763063
18.858358
17.832035
16.779491
18.292591
19.293694
19.169077
21.901279
22.526278
24.664766
24.917885
26.802708
26.866899
33.69022
40.152264
41.995975
41.563648
40.051685
39.765411
42.622028
45.201736
45.022305
43.523277
41.437469
41.680481
40.489227
38.646461
41.638992
41.769657
40.521622
39.498974
37.768261
38.296993
37.349113
39.115383
38.736275
39.883774
39.183346
37.617275
35.684628
39.575348
40.202137
39.241608
37.548828
35.557442
36.030334
35.126789
33.590485
31.798485
29.939909
28.107662
26.345587
24.672487
23.094637
21.612051
20.22175
18.919384
17.70015
16.559093
15.491396
14.492432
16.103033
18.068089
20.990114
29.370483
32.473942
35.490681
38.371086
38.550457
39.123623
38.171185
36.515877
36.27169
35.016178
33.314281
32.29982
30.798962
29.111572
28.235966
26.929329
25.456669
26.49568
29.556858
30.099627
29.415758
28.164196
26.679237
25.128773
23.595514
22.118628
20.715151
19.390991
18.146475
18.676075
18.344364
21.002979
21.620819
21.239084
20.389238
21.886406
21.918684
21.246353
23.650303
24.062746
24.354134
23.729822
24.382103
23.930244
22.962271
21.776751
20.523966
19.278173
18.074842
16.929674
18.393562
23.609871
27.919586
29.113417
30.470005
32.710602
37.850658
39.131676
42.760944
46.555828
46.917545
47.31575
46.022194
43.956654
42.433559
40.37038
38.112572
40.922497
43.533146
46.814522
49.466682
49.188221
50.056103
52.295715
51.730316
49.835377
50.754936
52.997478
54.108238
52.943783
50.723049
50.609859
48.967289
46.641716
46.606255
45.126675
42.999874
40.628975
39.912045
40.012009
38.804379
37.006645
34.981873
32.911575
30.884403
34.031952
34.47578
36.15226
37.519787
39.544395
39.275871
41.307999
40.98772
41.244461
41.770275
40.712017
40.622929
44.395767
44.814667
43.60955
41.662197
39.419476
37.105236
34.8293
32.643158
33.113968
32.300945
30.896805
30.949614
30.00375
30.304689
29.49823
31.578794
34.132328
34.287682
33.286316
31.760801
30.031384
28.25832
27.368315
26.082001
28.039295
28.099489
34.033802
35.816059
35.548153
34.303917
32.629814
30.801762
28.957151
27.162464
25.448069
25.522848
24.757833
23.613459
24.867987
24.690165
26.375143
26.356777
27.217636
26.776993
30.815466
35.181728
36.174835
38.910221
39.002995
37.823593
42.008968
42.700935
41.693291
39.900913
37.787903
35.587177
35.110195
35.476082
36.235348
35.462921
33.97905
32.200035
30.335089
29.335796
27.935238
26.385902
24.813728
25.825117
32.287685
38.620468
40.450172
40.059608
38.614906
36.709225
38.035534
37.478977
36.035507
35.90818
34.720173
33.060017
31.225166
33.605995
33.694927
32.680252
35.409359
38.154179
38.275208
39.67741
39.10577
37.604034
35.702679
35.365849
37.48785
37.330647
40.325665
40.498714
39.310947
37.506813
35.46328
33.368877
31.315769
32.740524
34.942608
36.600533
38.793488
40.32618
39.796867
39.142166
37.599365
38.223656
41.565998
45.260555
47.311539
50.205551
52.565235
56.291065
56.314121
54.557991
52.002419
49.991444
47.456787
44.75013
42.045799
39.427437
39.477749
38.263062
39.024094
38.164997
39.099907
40.018757
39.20425
42.673141
43.000149
44.353008
46.156166
45.573799
43.863907
41.666138
39.302998
36.934608
34.637997
32.447945
30.377796
28.430199
28.299381
27.348482
28.578739
31.666405
33.852493
35.536953
35.23082
37.371792
37.227352
35.989735
34.265892
33.211021
31.662159
33.318249
33.068104
31.910234
30.352726
31.197348
33.169212
34.772228
37.844563
38.132618
37.074322
37.947781
38.873268
40.643101
40.217724
40.448139
39.289497
40.045238
42.545177
44.107582
43.473862
41.805229
39.691853
41.673229
47.255943
48.454411
47.509464
48.109909
46.888573
44.830536
44.980404
43.640846
41.627953
41.900021
44.109409
43.786407
46.499191
46.342957
44.813614
43.521149
45.77663
47.120239
46.286877
47.82769
50.460442
50.141464
48.414757
48.611313
51.42223
51.15863
51.971809
50.731457
49.392094
47.198803
44.664185
42.045197
39.467854
36.991394
34.641098
34.970356
35.727894
38.364162
38.426456
37.250515
35.516747
33.569439
31.58069
29.634443
34.556885
36.685131
36.556122
35.346977
33.656994
31.789078
29.894335
28.894558
30.901226
34.28891
34.840015
34.011391
32.546082
30.820951
29.025162
27.251787
25.544828
23.923342
24.938992
24.644201
23.729246
24.24194
23.727444
23.584135
22.7752
21.671957
20.461973
19.238691
18.047401
17.757282
17.06068
16.19072
15.264786
14.341028
13.447306
12.596049
11.791911
11.035634
12.87128
15.045837
18.163332
20.787493
21.395557
23.561398
23.862274
23.257956
23.934643
23.50857
22.566191
21.405405
20.176142
18.952572
19.466932
19.103086
18.328857
17.381804
19.77507
22.000801
24.924627
25.546782
28.437532
28.933561
28.263845
27.055223
25.625689
24.134907
22.661501
23.787867
23.58238
25.288836
25.314863
24.532953
23.387527
22.103441
20.793056
22.904766
25.745449
29.695526
30.660885
30.162374
29.82481
28.726736
27.297853
25.754906
24.205601
22.701874
21.267197
22.455938
22.322193
21.557461
20.513664
21.913774
25.292179
26.121145
26.547991
28.465092
30.189432
30.070253
31.614582
31.364222
30.259731
30.476437
31.320948
30.743673
29.501638
29.676081
28.828596
27.51688
26.023331
24.489336
22.984045
21.53978
22.715343
22.567137
25.181376
28.191988
28.753302
28.120586
26.934237
25.519196
25.735523
25.031816
24.756701
25.544455
25.969603
25.35885
26.814905
26.672779
25.767485
24.524063
25.702442
28.855455
33.706345
34.9785
40.430664
43.477425
43.576408
45.650089
46.910309
46.043514
46.727478
50.68005
51.836479
50.765217
54.596432
54.723259
53.06691
50.606056
47.836029
47.549603
45.919872
43.696072
41.256748
41.335636
40.07637
38.21389
36.120132
33.981007
32.7356
36.200546
36.728767
38.375076
37.961552
36.571659
35.604824
34.023129
32.195736
31.156099
31.375832
32.193573
34.121265
35.673172
37.844311
37.699501
36.446903
36.398327
35.232769
33.567299
31.713984
36.615807
37.821129
37.213177
35.753391
33.930256
32.838226
31.283215
29.554626
27.796928
28.625589
28.125296
27.002396
26.46409
28.768673
28.97278
28.16161
26.888262
25.432877
23.935734
25.010717
24.742168
23.836744
22.653837
21.374777
23.483273
23.75906
23.994337
23.354376
22.314104
21.11421
19.875317
20.353354
24.186249
27.813416
28.682741
28.200188
27.083454
25.697176
24.224932
22.757595
23.035465
24.142849
23.917097
23.058123
22.770363
21.917587
20.820192
23.033346
25.070324
25.261965
24.561255
25.15074
24.644611
26.173342
26.086237
25.225792
24.020903
23.536781
24.262444
23.849594
27.14488
28.724186
28.581341
27.615805
28.830645
30.206192
29.918978
28.842129
32.510204
39.190605
42.866196
47.528408
50.821396
57.595406
59.041588
57.883408
57.207481
55.087574
52.340656
49.378803
48.103409
52.76852
53.353268
51.95982
52.205173
54.078373
57.523041
62.462791
62.875214
61.100204
58.330254
55.169369
51.919895
50.426643
48.127007
45.512173
42.828026
41.891636
40.127254
38.020588
35.815605
35.329399
33.987202
32.275978
33.834808
33.521748
34.016228
37.428272
40.437744
49.098228
53.413956
53.810623
52.3125
49.951332
49.794899
52.39917
52.005634
51.033024
48.964409
47.282681
44.991138
42.478622
39.938828
37.465626
35.102009
37.955612
42.377125
43.170959
48.13628
53.252583
56.584061
62.347305
63.158882
61.566681
61.415115
61.111824
63.290398
62.350639
59.942638
56.904995
56.205467
56.650883
57.632236
57.991806
58.041481
56.243927
53.61554
50.670589
49.362816
52.276047
54.579998
53.973789
51.988884
49.404026
46.612175
43.808475
41.087074
38.490608
36.035637
35.422462
36.561539
35.961315
34.544518
32.779961
35.145775
36.875969
40.791763
43.937668
44.069843
42.750366
40.775047
41.940331
42.032284
40.757423
38.866104
36.738007
34.562988
32.433697
30.393177
28.459328
29.1826
31.15941
31.131067
30.140514
30.415714
29.593403
32.511772
32.893223
32.892609
31.860102
32.06118
31.151632
29.7372
28.124657
29.012758
30.225655
29.859705
28.746901
27.310308
25.763273
24.211737
22.706734
22.11972
21.14362
20.01128
21.384634
23.06999
23.155514
22.469946
21.43553
20.266014
20.765127
20.353218
19.51667
18.502411
19.131433
21.378386
21.786732
21.299168
20.396587
20.171415
19.43025
20.161327
24.970186
26.496307
26.397835
28.067335
27.98842
27.072208
28.327785
28.041889
27.024582
25.687899
24.23978
22.783554
21.369148
22.564415
22.430408
23.358955
23.071901
24.755215
24.786861
24.024231
26.297615
26.564285
30.949165
32.084015
38.409477
40.242271
39.85973
38.425156
39.075489
38.161613
36.525108
34.592896
34.276081
33.048271
33.118267
32.112595
35.712242
38.865685
39.160633
38.073391
38.9016
38.078613
36.488373
34.579536
34.274353
33.052208
31.427982
33.055222
32.799473
31.647356
30.100853
31.807047
39.264011
41.613491
41.436066
40.050541
39.825027
38.466957
39.152733
38.253456
36.621086
34.687836
41.154751
42.969353
45.886093
45.847054
46.934765
50.226353
51.927937
56.206059
56.497059
54.863895
52.35775
49.511002
46.589993
43.724957
40.976719
38.370838
37.611889
36.067059
34.193237
32.220211
31.109835
29.600267
31.339918
31.191994
31.838909
31.150471
29.842287
29.974266
29.097031
29.459394
28.708954
27.447603
25.980434
24.460447
22.962786
21.522854
23.549431
23.783798
23.15
25.512718
25.846926
26.893126
29.096895
29.242281
31.788067
32.013256
31.116808
29.709768
28.950018
27.676624
26.196476
24.663481
23.153202
23.398037
27.023365
27.916616
30.014788
32.625858
35.401314
36.471848
35.841522
34.414017
36.042023
35.692921
39.495579
42.627785
42.794495
41.531616
39.621735
37.461037
36.944466
35.536991
37.139385
36.743549
38.793961
41.954994
42.156658
40.930584
39.905647
38.161087
39.519218
38.931385
37.427319
39.7724
41.34745
40.806419
43.508011
43.440273
42.044514
40.054737
40.387268
39.279591
40.060104
39.177876
40.918278
40.470146
38.984898
41.290146
41.101624
39.721264
41.20536
41.473518
40.300827
38.472881
39.781193
39.16119
39.331284
38.178726
41.517445
41.818184
40.650314
38.813744
36.7136
34.552773
34.127415
33.700535
32.437969
33.358788
32.75423
33.981201
36.049347
35.911415
34.718231
33.055634
35.461754
39.746597
43.102543
43.361782
42.125568
42.755085
43.412495
42.365955
43.078999
42.069584
40.26458
38.134071
36.762489
38.343643
41.293434
48.201595
50.006996
49.304871
47.42038
45.027142
42.464653
43.294884
44.031822
43.003963
41.160793
45.771038
46.549004
45.461891
43.513119
41.211617
41.358109
40.130619
39.978481
38.650864
37.648674
38.531075
37.745735
36.184006
34.298431
32.316444
30.350353
28.453596
29.19488
28.634741
27.467115
29.437952
29.46076
28.547199
28.060963
29.492035
31.799091
36.151306
37.107216
36.401871
35.769161
36.039589
35.038509
33.458138
31.649117
32.332256
34.190948
34.010727
34.553669
33.730122
36.518074
36.71117
35.651852
34.024277
32.174812
31.973627
30.873631
29.376438
27.735453
26.07692
27.855593
27.835758
26.9527
25.682766
25.115238
24.054527
24.486992
23.926273
22.90613
23.394136
23.742775
23.165165
22.160767
26.073336
27.13435
26.792446
25.787457
24.495508
23.106281
21.713923
20.36376
21.621428
21.546995
23.380264
23.527102
22.85932
24.366421
24.325647
26.087896
28.660847
34.936039
36.853706
36.618275
35.35606
33.640301
32.60894
31.090254
33.627193
37.184017
37.725513
36.801716
35.203133
33.330608
31.385277
29.466007
29.316299
31.718021
31.876213
37.739105
39.37077
38.918976
37.480644
37.310432
36.057823
34.324642
36.657059
38.323776
37.921661
36.538513
34.727539
32.767937
30.798426
29.734364
31.6838
31.625849
30.605558
30.003471
28.772734
33.217495
34.309925
35.454746
35.740391
34.756023
33.192543
31.399954
32.098812
33.123974
32.576893
31.291826
29.692627
32.234737
35.837769
36.44368
35.591068
34.064651
33.95932
37.085052
37.422581
36.41032
37.326744
36.595531
35.095924
33.274303
33.900391
33.137245
34.276047
33.747387
32.434444
34.1796
33.945198
32.767376
33.718605
35.662518
35.477074
36.819893
38.006199
41.625313
42.057346
40.945049
39.125885
37.024319
37.398262
36.404278
37.329643
36.602657
36.801651
39.135944
40.725777
42.756554
43.238625
45.506886
45.168262
45.285004
46.46516
45.573868
43.715626
44.844841
43.979935
45.577972
44.915211
44.035805
44.776737
43.727451
42.699657
40.866035
38.702919
39.843006
40.837093
42.578228
42.07835
40.517784
38.49675
36.317959
34.131771
33.707436
34.991058
36.206318
35.65382
35.117992
33.758591
32.894672
33.144264
34.76923
34.458618
34.924873
34.052834
32.565361
33.374187
36.108952
36.289326
35.237171
33.626019
31.796953
30.769018
29.309727
27.689047
26.04171
26.130068
25.352518
27.577061
33.718925
35.610756
35.401901
35.887432
34.994453
33.467381
38.470867
39.666805
38.996445
37.450699
37.229828
35.955425
37.608608
38.919224
38.327393
36.840378
38.363663
37.891403
36.475494
36.347584
35.145515
34.313656
32.837292
34.491333
34.203384
32.991745
33.91967
33.300911
36.200714
39.851063
42.898987
43.016701
45.116917
44.709824
43.111286
43.535786
42.373497
40.485493
38.308193
36.908676
35.92664
34.327534
34.179043
33.035149
31.449032
30.548712
29.157623
30.119682
29.636576
30.171301
32.02652
34.457779
40.482994
46.348518
47.711323
46.868633
44.993092
45.225498
47.311531
47.677143
46.356594
44.267616
41.875076
39.411842
43.779156
44.50296
43.454048
43.283409
45.236755
47.300591
49.352707
52.183216
51.905159
50.142735
51.964718
53.754326
52.927002
52.565491
50.74231
50.819496
49.261738
46.967693
44.391937
41.761711
43.429871
45.413422
44.940975
43.303787
42.006897
40.065784
37.876125
38.181042
40.522919
40.376064
39.038509
37.170975
35.107529
33.014725
34.3671
33.938175
32.667156
31.031523
29.272121
27.508469
28.343342
27.854879
26.746153
25.374296
23.919109
22.469566
21.06823
19.733999
18.4739
17.288921
18.722429
18.823412
18.281219
17.447123
19.044176
19.213633
18.69206
19.551783
19.351152
20.344322
20.182926
19.472034
21.064747
22.865488
26.406452
27.278526
26.841352
29.182678
29.391436
28.569363
28.974779
28.260233
27.03019
25.591164
24.096903
23.47142
22.434429
22.929148
24.992411
25.19912
24.507626
23.406422
22.142979
22.538074
27.959373
31.382652
32.042042
31.353233
30.886902
31.39045
33.192425
34.71312
34.354191
36.497299
36.381313
36.88073
39.356838
39.311062
39.752243
38.71669
37.004322
39.262623
45.053993
48.118591
48.080509
47.401791
46.436661
54.696667
56.947575
57.938396
56.596107
55.023769
52.541843
54.791336
57.545948
57.063164
59.282562
58.488213
56.27124
58.530945
57.779537
55.605423
54.513031
52.277676
52.108673
50.392265
47.986507
45.32513
42.624504
40.838169
38.698627
36.456593
38.477688
38.240952
43.714409
44.971508
44.164051
42.390305
40.208122
37.898209
38.993042
38.29528
36.758377
34.866669
34.560726
35.874416
35.379608
35.728489
37.320057
37.761757
40.182491
40.084209
38.77911
36.935341
34.890682
32.813717
35.028416
34.992908
33.877724
32.278984
30.498137
28.685722
26.915022
25.219915
27.007923
27.019167
28.721886
31.183565
31.38736
37.287468
38.951195
38.527954
37.115623
38.666142
39.894264
39.232216
40.228275
46.231495
47.664051
46.85638
44.998039
42.693371
40.246662
37.808487
35.450958
35.75132
37.318893
36.900681
38.935425
38.690887
44.146465
47.078255
47.009037
45.50058
43.348206
40.954079
39.367386
38.218296
39.012245
39.866138
40.722019
41.551994
40.646702
38.936321
39.438156
38.441582
36.756565
39.884186
40.134804
38.995674
42.315212
42.581711
41.373466
39.494766
40.746635
40.069229
38.486458
36.518478
34.427269
32.34248
32.022995
34.258232
34.25676
35.726231
35.310902
40.790504
44.687553
46.853779
46.423893
44.760578
45.950657
49.322254
50.242268
50.804291
49.479942
48.987881
49.759468
48.568554
46.472401
44.007259
41.442223
38.909733
36.472324
34.157082
34.518372
33.608669
32.117054
32.937962
34.843811
34.66576
33.492386
31.877779
30.101913
28.304317
27.4011
26.10741
28.060352
28.117805
27.263018
25.996925
24.572989
23.117935
24.238796
24.016514
25.70129
25.703953
24.898613
23.730452
22.4247
21.093821
19.792633
34.972256
34.406441
33.054966
31.368538
29.57415
27.78422
26.052614
24.403351
25.3906
26.764793
26.584909
25.664244
24.416674
23.899637
22.901293
21.703119
20.446554
21.746595
21.688564
20.980089
21.678215
21.333254
21.346495
20.682978
19.715231
20.328535
19.985172
19.193089
19.90715
19.625412
18.874216
17.92112
16.900955
16.728994
18.666626
19.011497
18.580542
22.032471
22.999046
22.741558
24.449429
24.502481
27.152645
27.573448
28.607079
28.205805
27.127951
29.152538
31.75532
33.705738
33.584793
32.472782
33.464851
32.891167
31.583466
29.964237
28.246202
29.079823
28.567661
28.273577
27.24506
25.896084
28.677523
31.658718
32.097115
33.845638
35.320145
35.768372
37.406406
37.019306
39.913662
40.051311
40.557369
39.527691
37.792702
36.621792
34.910168
32.992546
31.036156
29.122526
27.289511
28.946327
28.833738
30.420027
33.620907
34.951645
34.493977
33.191696
34.918209
34.651695
35.133068
35.958565
35.226635
33.769608
33.706882
35.164181
34.760654
36.869614
36.725517
35.503822
36.348091
35.612957
34.142273
32.364487
32.191769
32.795406
34.601364
34.382938
33.199051
31.588606
32.369015
31.728077
30.424564
30.540514
29.637808
28.274162
30.973917
31.29863
30.472404
33.361313
33.701942
32.807949
31.348995
31.3613
32.928242
32.64753
31.488186
29.943213
34.200294
36.020142
42.551094
44.352623
44.674484
43.427139
41.465218
39.22168
41.155277
42.489292
46.038658
48.843891
48.658482
47.042492
46.486839
44.761162
43.376049
41.349571
39.078659
36.761574
37.88866
37.241016
35.761272
37.321922
40.293892
44.698895
45.411922
44.329308
45.811836
49.328278
49.46925
48.832954
46.994907
44.637333
42.104195
39.566231
40.49921
41.373215
45.585064
46.177521
45.012981
43.041073
40.743279
43.451466
43.388668
41.996918
40.010536
37.800892
35.553337
36.751732
36.174011
34.761349
36.385586
37.720699
37.178234
35.750996
33.943565
32.010262
30.077168
28.204832
28.965645
33.512482
34.644691
34.101322
34.46698
33.561001
32.072674
33.744949
33.489174
32.315414
34.131149
38.174179
38.918118
38.05415
36.444988
34.528408
35.917931
35.458172
34.124634
32.41325
30.574106
28.731293
26.944561
25.240829
27.872437
28.261734
27.561844
28.05755
27.415163
26.246298
24.86124
25.112629
24.44529
23.357653
22.102272
20.805695
19.530037
18.304462
17.141394
16.044851
17.559864
21.130087
23.030201
29.158918
31.187529
31.183191
30.202536
29.632133
28.428272
27.806337
26.635015
26.084999
25.002235
27.091187
27.244364
26.46298
25.257231
23.885502
22.477102
21.095274
19.769579
24.451263
25.932581
25.830278
27.515751
27.461817
28.270931
27.772375
32.600185
38.137997
39.600998
39.060978
40.969402
40.600388
39.149036
42.313824
42.50602
41.26445
41.069981
40.536144
45.79488
46.883575
49.328819
48.955303
50.633224
52.395386
51.597557
52.140339
50.764828
50.207916
50.910019
49.649647
47.486206
50.047337
53.948902
54.129879
52.518124
51.792717
49.818985
48.155998
45.846088
46.691509
45.632343
45.388416
43.846916
41.73056
39.404503
38.747532
38.912834
37.771107
36.037422
34.073826
34.606621
38.018543
38.464222
37.471249
43.454025
46.660725
49.281879
48.994297
49.015472
47.487473
46.960163
45.233231
45.529495
44.243038
43.933529
42.406189
40.341835
38.084358
39.198536
38.50359
36.96151
35.060955
33.047836
31.043863
29.10714
27.263502
29.764437
30.031605
29.217512
27.909597
29.799183
29.77162
28.82411
32.554886
34.173584
33.878651
32.673832
31.069813
29.324387
27.565821
28.401323
27.911339
26.800112
29.66737
30.113533
29.382828
28.109791
26.616232
27.60882
27.219166
26.177843
24.856201
23.441391
22.026226
24.048906
26.810938
27.296192
26.672667
25.536179
24.188955
22.782795
23.089256
26.753895
27.674463
27.248163
27.036726
26.086735
28.205412
29.18631
32.135132
35.08823
35.405518
38.688839
39.051727
39.69735
38.761696
41.337891
41.278034
39.953922
38.064144
38.507175
37.511574
35.856209
35.632725
34.407196
36.980835
37.05645
35.929893
34.261288
32.384686
30.467064
28.589933
26.791157
25.086447
26.025623
25.660004
27.22436
27.121387
26.220839
26.662256
26.037561
24.920441
23.601851
22.227859
20.870398
21.260256
20.780344
19.897726
18.849384
18.602747
20.445709
22.386076
22.615551
22.016056
24.430843
24.824003
24.233833
23.189886
24.505947
24.36902
25.235336
24.859516
23.898886
22.687517
21.39373
20.100954
22.242838
23.421986
23.25333
22.44261
21.34893
20.153683
18.947155
20.318268
22.036013
23.866333
26.541695
26.993782
26.363815
26.082312
26.825413
26.340513
25.281017
23.978792
22.60084
21.229757
19.905014
18.644077
17.453377
18.030567
17.741976
17.0466
17.87446
17.711172
18.773748
26.330566
33.37587
35.712383
35.713924
34.59391
32.970387
33.701138
33.842941
32.849018
33.885994
33.320679
37.093903
37.742165
37.717529
38.21888
39.805534
39.318459
37.850662
35.957863
33.920341
31.877251
29.895596
28.005638
27.915833
27.845066
26.937265
25.655922
24.235371
22.792534
21.384277
20.036818
18.760849
18.407663
20.205564
20.435043
19.903975
19.024292
20.549974
20.637884
20.032469
21.658232
21.759441
21.125214
22.702862
22.748169
23.752867
23.490038
22.626646
21.501909
26.225748
27.671618
27.497725
26.551289
26.9603
26.310696
25.173029
23.836649
22.446749
21.07476
22.299646
22.188179
24.831942
25.322504
24.763479
23.717867
24.16815
23.626005
26.017796
26.350117
25.682838
24.556377
23.244726
24.430489
24.233347
23.378201
23.930624
23.444992
22.476007
23.002079
22.532915
25.842466
26.621096
26.159676
30.207523
33.748993
34.390877
35.316772
34.653187
33.247013
31.52829
29.713387
27.909222
26.166866
24.508842
24.640171
23.930016
22.837967
21.596771
20.322882
20.77006
22.029865
21.943632
22.910398
22.655788
23.519331
25.741226
26.000631
32.944897
35.24641
35.245773
34.139408
32.536674
30.74584
30.617657
32.988857
35.637745
35.791649
34.742405
33.148182
33.887436
34.875881
40.195
41.488419
40.80769
39.200161
39.743107
38.756699
41.308685
41.23811
40.758507
39.249107
40.686039
40.099445
38.559322
40.851555
42.367355
44.311062
43.854111
43.955246
43.472839
41.876926
39.796242
37.548023
36.986698
36.4048
38.376484
38.119198
36.7994
35.010674
33.052872
34.468891
34.067329
32.805389
31.169804
29.406078
29.332952
29.225727
32.499088
33.051445
32.279549
33.441032
32.949478
31.679398
32.620426
34.593945
37.001427
36.996613
41.772102
43.603352
43.114571
41.526833
39.461056
37.230511
37.53606
39.898487
41.477905
40.934875
41.086281
39.869663
38.034149
35.958988
35.530655
34.209915
35.047218
34.349556
32.936531
31.22426
29.421989
30.178272
29.594469
28.385359
26.913851
25.362484
23.821463
23.182142
22.147591
20.955677
19.725582
21.060947
21.041418
20.371729
27.046385
29.403513
31.309738
32.939568
35.233906
35.230206
34.971272
37.991463
41.643459
42.090702
43.529884
42.855076
41.186161
39.092083
36.859512
34.630527
32.473175
30.417936
29.324635
27.879282
26.310188
30.66971
34.346363
43.518436
46.558186
47.405525
49.718487
50.965984
53.359371
55.379677
54.612144
52.529701
53.274658
53.65744
52.157463
51.497044
49.563801
49.625088
50.642433
49.541851
53.39735
53.573471
53.673679
57.127869
56.994209
56.838253
54.979691
55.755295
54.378159
52.010258
49.240791
48.91058
54.004314
56.452919
59.251068
58.735649
56.644897
53.863121
50.836723
52.0298
56.06049
56.237228
54.557304
55.431973
56.657749
58.013725
58.541233
61.199539
60.555809
58.346317
55.454098
54.021561
51.638229
51.418228
49.698982
47.313629
48.076786
48.631397
50.765263
51.04554
53.820255
53.464043
51.615173
49.107414
50.603859
49.734612
50.301579
50.692165
49.28899
47.068314
49.615017
50.129662
50.500504
53.335876
53.023964
54.603802
53.649071
51.506924
48.861713
46.057846
44.114201
41.796284
39.371365
37.819546
38.432568
37.520954
39.299255
38.92012
37.516655
38.210457
37.344597
39.150414
38.789162
37.398403
35.556805
36.101665
36.927246
36.164967
34.66394
35.400379
34.643196
34.889172
33.912449
32.379116
30.626549
30.520494
29.511774
28.101173
26.541798
25.808321
24.646124
29.253288
31.396536
31.440697
30.47525
29.055191
27.461344
25.834042
25.090134
23.945484
25.189461
24.996468
24.11936
22.941185
23.352184
22.816761
21.843586
20.69068
19.487638
18.298262
17.152784
19.457926
21.651281
22.02533
24.059002
24.280785
23.625347
23.417549
23.431271
25.247765
25.327929
27.116804
27.125059
26.277811
25.04624
23.66873
22.264362
20.89113
19.575983
18.329994
18.853125
18.512751
17.768314
16.853163
15.884744
16.617931
16.448586
19.244675
21.680536
22.17013
21.709555
20.807076
19.720655
20.276783
21.604393
21.56407
22.5648
22.337339
21.527121
20.462427
19.30891
18.14893
19.56745
21.331528
22.357819
22.149128
24.747433
28.612411
29.570887
29.103292
27.965389
26.541271
25.024359
23.510487
22.045574
20.650154
19.331902
18.092079
19.474035
19.526678
18.939198
18.911089
20.849337
21.126007
20.59594
19.695017
18.644245
17.554478
16.480173
15.447011
14.466037
13.540905
12.671631
11.856461
11.092863
12.923194
14.245172
17.826691
18.987495
18.949183
18.336134
17.466272
16.500362
15.518628
16.256905
17.798143
20.525084
26.281149
29.917891
33.270966
36.382591
36.735401
35.752052
35.854591
34.778694
33.170525
31.357195
29.502216
30.230644
29.631832
30.111143
30.244831
29.359926
31.407156
31.404861
32.115036
31.448328
30.141211
30.26433
31.918943
32.560413
36.937119
38.72855
38.373634
37.847363
38.10368
37.879459
39.976681
43.971462
44.5103
45.069111
43.923195
41.99445
39.750229
40.818493
43.444275
43.342098
46.174911
46.086498
48.839794
52.023163
53.616398
52.6991
50.604744
48.859192
46.487526
44.737976
42.493717
40.082279
38.514629
36.553047
34.463818
32.378815
30.361307
29.287901
29.55006
32.142254
34.92384
37.709099
37.863522
36.749489
35.061165
35.695206
36.576374
35.851791
36.0755
35.050858
35.155582
34.102654
32.526745
30.7491
28.930344
27.997313
26.670591
25.196402
23.697645
24.779325
24.521261
24.476198
26.231672
27.948452
27.895969
26.995359
25.715635
25.142395
25.77487
27.81501
29.618822
29.555731
28.59794
27.240473
25.733631
28.444334
28.853687
28.993231
28.150421
26.862217
28.794121
30.51523
30.384275
32.761505
32.875187
32.746536
31.657116
30.140423
28.466106
27.617016
26.342554
25.75215
24.660446
23.362219
22.005543
24.056961
24.287333
25.332624
25.039705
24.113249
30.547163
32.678799
35.222328
35.338692
34.285603
32.703888
32.614689
34.941963
36.660042
36.334816
36.735176
35.774673
34.190689
34.902145
34.148598
32.715034
31.84824
30.432499
28.797497
34.744099
37.358372
37.441677
41.397125
41.997852
40.968437
40.885181
39.562157
37.685204
38.146278
43.109467
44.140488
44.947308
43.924332
42.054588
39.836815
37.521496
35.231945
33.026649
30.931026
33.195824
40.029106
48.842201
54.936081
58.684223
60.339703
60.089691
60.629147
58.985607
56.345184
53.308792
50.177513
47.098907
44.14222
43.882072
42.380043
40.328682
38.07782
35.801815
33.585121
31.466497
32.006657
32.958488
32.381378
31.088037
32.036446
31.486629
33.628063
36.146534
40.463844
41.267651
42.055519
41.114178
40.220222
38.528709
36.507175
35.238987
34.372437
32.877563
31.127853
32.704208
35.828663
36.205002
35.249596
34.53294
33.105042
33.925549
42.587421
47.108124
47.801117
47.482323
45.839149
45.308235
43.631413
44.002033
42.799183
44.271973
47.832058
48.889359
48.711384
47.097275
44.844048
45.748146
44.746754
42.861576
42.307873
40.71426
38.671158
39.021507
40.510441
44.196331
44.579742
47.606934
48.415337
49.829506
48.945023
50.377853
49.485126
49.200237
52.609863
55.141754
54.627403
52.666103
50.071335
49.798973
48.953815
47.011642
46.300331
44.505718
43.943916
49.082283
51.706783
51.34473
49.559586
47.146935
44.508602
41.84465
39.25201
36.774975
36.976406
35.912785
38.516941
38.559021
37.369213
39.018639
38.586422
37.167938
37.017063
35.782951
36.612492
40.103989
40.522461
39.45182
38.547916
36.904095
34.956474
36.317635
35.831718
34.473881
34.436695
35.883366
35.452133
38.374489
38.573879
37.459156
35.748222
36.349834
35.4981
33.975029
32.177315
30.304096
28.453403
26.671604
24.978811
23.381887
21.881121
20.473648
20.85194
20.379272
22.057936
22.171989
21.530993
20.547451
21.975447
21.971706
23.825609
23.968372
25.82999
25.913555
25.140495
23.980261
26.064054
26.246996
25.511206
25.205622
25.964672
25.514448
26.194317
28.244064
35.12944
39.030914
41.376785
41.205063
39.829533
40.464146
39.499153
39.492924
38.250599
36.453541
34.446465
32.401478
30.402466
31.033455
30.362663
30.784468
35.111404
37.784622
37.882862
38.438034
37.498466
35.870426
35.659611
37.832912
37.689537
36.43792
34.693298
36.160225
35.730049
34.402176
38.623623
39.439137
38.593204
36.975796
35.038589
33.008606
30.997728
29.907553
28.445398
26.85046
28.635418
28.59411
27.676968
28.913118
28.599529
27.551411
26.183409
26.401482
25.677713
28.766285
29.347023
28.705006
30.041046
29.740026
28.662176
30.638632
30.626436
29.659513
33.354717
34.082855
33.363014
31.970304
30.298107
28.544146
29.351168
28.817707
27.657152
26.231808
24.724028
23.223974
21.774681
20.395264
19.092699
20.41312
22.103537
22.221819
21.581284
23.989985
24.394066
28.913033
32.721394
35.220528
35.315624
34.253052
32.667778
35.971611
36.429638
37.203228
38.952499
38.570316
38.873161
40.343929
39.784325
38.267048
36.337429
37.663914
37.119099
37.389374
36.345879
34.704094
32.826469
31.742912
35.31675
35.924999
35.089779
33.587456
36.05386
39.500687
39.916626
38.863781
43.925701
50.917332
52.677608
52.718395
51.083618
50.392147
48.478703
46.038307
45.11824
43.260487
41.010605
38.643017
39.686802
38.942722
41.605247
41.578465
40.260818
38.36451
37.098183
35.325771
35.911114
35.065315
33.558693
33.478741
32.389729
36.789062
40.292774
42.408016
42.093155
43.166187
42.326965
43.989223
43.407162
41.765442
39.666252
37.413231
35.157024
32.970081
30.885052
29.762785
28.289759
26.694496
27.635777
27.220636
26.167019
29.930214
32.49527
32.707516
31.783066
30.341654
28.69718
27.006781
25.347364
23.754913
22.244589
20.821112
22.877615
27.389439
28.696983
28.424456
27.401569
27.747175
27.042435
26.703714
25.703032
25.26421
24.260622
25.562466
27.082365
29.507713
32.291828
32.615707
35.989738
38.177715
38.030548
36.766422
35.005466
37.303173
37.236149
36.883846
35.557175
33.804131
33.598141
32.444828
30.872746
29.148838
29.951309
29.39683
28.207998
26.751799
27.758081
27.370325
26.325165
24.997051
23.57472
26.393772
26.919497
26.327246
25.216604
23.891821
22.505785
24.527397
24.728693
24.897758
25.89444
25.560551
26.294861
25.822403
27.330328
32.287342
37.048611
40.718048
42.899517
42.601021
41.120823
42.513035
42.696022
41.444046
39.542164
37.387802
38.573372
37.932339
36.434067
34.571106
37.681831
37.993427
37.799232
36.519741
36.45599
35.281322
34.458351
32.981735
31.237503
29.419466
27.623035
27.590155
27.556953
29.221437
29.103889
31.527725
34.24773
34.479435
36.053909
35.678719
34.37888
32.675705
33.377457
33.515499
32.530037
34.429474
34.261368
36.499054
36.428436
36.94817
38.583511
38.158173
40.150043
41.543594
40.909241
41.017578
39.782417
37.94075
39.259174
40.357208
39.618153
38.019901
38.604355
40.218807
39.732147
38.251549
38.885235
37.969322
36.337879
36.110786
34.868488
33.177601
33.021103
31.909697
30.374521
28.683973
26.971857
25.303112
23.707561
26.439243
26.921595
26.308432
27.733538
27.547722
26.593979
25.301348
23.886505
28.39616
29.671068
31.897499
31.965891
33.540817
33.244709
32.059219
30.483772
28.770451
27.044689
25.367109
23.765287
27.340559
28.199797
27.727554
26.630602
26.964834
26.279181
25.973593
25.011721
23.764841
22.420177
26.161171
27.137018
26.754131
27.427458
27.738546
29.562704
31.207933
31.01882
29.954567
28.503399
26.911915
25.302994
25.432987
24.6973
25.265717
24.745867
31.355228
33.545769
33.545189
32.492226
32.663647
31.720943
30.272718
28.627134
26.9384
25.281939
23.692945
22.186241
25.856731
26.80827
28.120825
31.262386
34.335445
34.733967
36.380585
40.271805
44.270592
50.740772
53.952938
53.802647
52.042076
49.563309
50.210999
50.6432
49.261559
47.052044
44.514263
41.898434
43.569233
43.852863
42.612934
45.770554
48.396042
53.228748
53.879559
52.501324
50.191799
47.507446
48.969284
48.98312
49.149414
47.68692
48.033199
46.692177
44.582825
43.867439
42.147198
39.998341
38.559433
39.203484
39.130974
41.261772
45.232368
46.56842
45.74876
43.91943
45.056156
45.884991
46.539978
51.332897
54.56926
54.411263
52.627903
50.119797
47.342335
44.522633
41.771152
41.683968
42.030788
40.878403
39.042095
38.631718
37.222305
39.619267
39.527264
38.242641
38.970722
38.097488
38.179337
43.807735
45.984741
49.829334
50.11219
50.372272
48.916424
46.682152
47.53767
50.698776
50.626106
53.244492
56.224842
55.891903
53.97805
53.910133
52.185741
51.416645
49.433735
46.930038
47.648384
46.498161
47.031727
45.812084
48.030651
47.588982
46.731834
44.853668
42.543991
40.099579
37.66713
35.316769
33.079594
36.0574
36.356129
37.055508
36.22858
34.694508
32.868927
33.505836
32.760273
34.767735
37.186081
39.725872
39.699108
40.985653
42.86261
43.267433
44.6493
45.608665
44.638214
42.771271
40.532379
38.185059
38.404545
37.304768
36.454292
34.901817
33.060902
31.139202
29.239012
27.408791
25.669605
27.422316
29.948814
30.222473
30.253901
32.713188
37.109821
38.057014
37.317657
35.791477
33.935268
32.82719
33.810017
34.917889
36.899433
40.086838
40.359795
40.921146
39.906616
39.863815
38.592289
41.012493
41.736313
42.471043
41.491131
44.808846
44.996201
43.674152
45.910622
46.392483
45.168072
45.707737
46.229385
45.877613
44.268959
42.955502
40.976643
38.740299
43.237652
46.586113
47.580856
49.110703
49.152752
48.478855
47.482285
48.058762
46.827503
46.463428
44.830475
42.639328
40.248829
37.83762
41.430897
41.856625
42.444401
43.939957
43.279369
46.694347
46.869267
45.482449
45.085888
46.874142
47.110497
49.139229
51.116787
50.46254
48.564697
46.129154
47.753757
47.0355
47.759678
47.457153
45.822601
52.083542
56.001453
56.125881
54.424316
54.444355
52.745464
51.971073
52.51339
51.125957
48.855152
46.231335
44.368717
42.081745
39.662735
37.256207
40.869991
41.323166
40.244049
38.462841
36.400307
36.812576
35.855366
34.270443
33.282135
31.763025
30.036623
30.810038
31.063053
30.209789
28.851944
27.29434
25.689695
24.112801
22.598726
21.162323
24.898726
25.91198
25.585512
24.62579
23.392054
22.065413
20.735779
23.688438
25.211637
27.697273
31.415569
32.21563
31.588926
31.993433
32.88052
35.668365
37.584873
37.325928
36.030209
34.277206
35.753166
35.340103
36.577888
36.024544
34.628296
32.870975
30.995403
31.667076
33.541149
37.630703
38.414032
37.584808
36.007072
34.119324
32.141933
32.728722
31.983492
30.621881
31.552141
31.008797
30.623135
31.173717
30.45989
29.161169
27.622284
26.016321
24.428549
22.899336
21.446239
20.075294
18.786839
17.57843
16.4464
15.386562
14.394674
13.46654
12.598158
11.785725
11.025658
10.31459
13.891385
15.173407
20.403412
22.275133
22.475107
23.562662
23.345592
25.053925
25.088219
26.862602
26.871866
26.033039
25.661604
24.677904
23.431005
22.096821
22.459393
21.928728
20.985691
19.874191
18.71666
17.573336
16.472725
15.427157
14.440843
13.513942
14.341462
17.682474
18.732279
20.34547
20.481829
25.843382
30.152769
33.82156
34.522335
35.472378
39.057522
39.55381
40.247742
39.318001
37.637615
37.346207
36.034271
37.666939
37.269081
35.908447
35.824879
36.357311
38.017296
40.166798
39.938709
41.969448
45.021343
45.074371
43.685371
44.192524
43.897682
42.378525
42.864193
41.752293
39.908043
41.163456
40.474705
38.87373
36.884865
34.772118
32.666164
30.629559
29.538574
29.784412
31.513021
31.354364
33.687824
36.296638
36.410633
35.322773
38.782215
41.771957
41.897099
42.339226
42.919731
41.851677
42.570518
41.579872
39.799229
37.695034
35.501465
33.333809
31.246605
29.263557
27.392767
25.634602
23.985691
25.83462
25.911938
25.135935
23.974424
29.451403
31.157797
30.999619
29.950836
28.507214
34.554848
36.375195
36.108006
39.936962
42.219582
44.536213
44.251312
42.72583
40.652332
40.077499
38.543728
38.294296
36.972782
36.874592
35.67028
35.669243
34.549419
35.472546
34.802773
33.38892
31.662043
29.839029
28.027048
26.277218
24.61215
23.040056
24.10714
26.408367
26.684927
28.525553
30.211262
30.072842
31.607838
31.353216
30.247021
28.76651
27.152699
25.525486
23.942915
22.431429
21.001535
19.655693
18.39246
17.208544
16.09988
16.758949
16.549591
15.929686
15.132051
14.274082
13.414052
12.580028
11.784667
11.032835
10.3255
9.6617355
11.584932
12.145105
14.578233
18.682995
20.916641
22.181486
23.789711
26.360815
26.768482
26.972666
27.92111
27.500443
27.283804
26.323549
25.036276
23.632322
25.609982
25.756193
25.018158
23.878578
22.58189
21.250437
20.792473
19.920019
18.875858
17.782
20.092186
27.358475
31.686762
32.771309
33.960609
33.466125
32.178398
31.398508
30.038599
28.442776
29.328928
32.227783
32.608765
31.768457
32.064716
31.200785
33.200325
33.118835
34.585598
34.20475
36.342049
36.228142
35.036552
33.364735
34.059925
34.173397
36.549088
36.543194
35.393593
33.730747
33.570362
32.439842
30.878851
29.160084
27.41947
27.419786
26.559481
25.312794
23.919664
24.196716
26.964064
32.537468
34.193348
35.612438
35.176479
38.105213
38.316097
37.214977
35.518265
33.588707
32.456287
30.893873
31.719149
32.816944
32.314388
31.058939
29.481281
27.798357
26.117702
26.187664
25.399469
24.223824
22.898991
21.544064
22.762409
23.481682
23.09026
23.026068
24.817844
29.141636
30.303873
31.607941
32.939186
32.544926
32.182655
30.998732
34.547722
37.713364
39.747147
40.325073
39.337208
37.628277
37.323452
36.854187
35.472279
33.695366
31.784512
29.869274
28.012053
26.240961
24.566824
22.991796
23.210579
22.587297
24.972719
25.33477
27.258835
27.327557
26.502996
28.668854
28.809475
27.972935
30.086912
30.158112
29.245911
27.890001
28.908733
28.490841
29.941246
32.243496
32.33744
34.761372
34.834755
33.776833
32.208767
32.141655
31.100786
29.624859
27.986313
29.714663
29.61231
31.179094
33.498379
33.561134
35.083286
37.258636
39.679455
44.68737
45.690384
44.738312
42.877075
43.182796
42.822899
43.851429
44.6661
47.04932
48.41433
47.550659
49.88562
55.380466
56.281765
54.948467
55.128941
55.182423
53.47641
50.978828
49.027878
46.552254
43.90234
43.797066
42.372101
40.357971
38.124111
35.854797
33.639664
36.610474
36.888485
35.864418
34.247082
32.395557
30.489641
28.617426
26.820135
28.508835
29.273693
28.722416
27.556297
26.131445
24.62705
26.525255
26.604578
25.807796
24.61521
23.269958
21.893583
20.545456
19.253206
21.421946
25.184954
27.898819
30.023607
30.101967
29.194973
27.843168
31.410538
32.138256
31.479256
30.174871
30.298258
29.406721
29.752487
28.9849
27.70664
26.223223
26.384619
27.330946
26.927797
29.282738
29.494902
28.671223
27.375864
26.743011
25.599821
25.944191
25.295429
24.190025
22.899988
24.106943
23.930143
24.791069
24.426609
23.485016
22.29578
22.72172
22.213253
21.271967
20.152321
24.07255
26.048424
26.180019
27.118469
26.718199
29.929504
32.229485
32.322781
34.746868
34.820759
33.763542
32.196213
30.433062
30.327988
31.022589
31.231089
30.351162
30.672869
29.864841
29.387939
28.236666
26.797594
26.962263
27.043646
26.23407
25.021973
23.654573
25.649103
30.044182
31.212347
30.793941
29.626623
29.833035
30.692785
30.142546
32.32597
32.360241
31.361189
32.442406
31.943628
30.701643
29.141649
27.477882
25.816467
27.60194
30.986931
35.033955
35.878353
35.158005
33.708736
31.954821
30.109623
28.278486
28.208374
27.28948
25.991755
24.552805
23.091169
21.664507
21.147818
23.62961
24.080093
25.23761
25.001585
25.800446
25.374481
24.373611
23.128019
21.803968
23.028986
22.89469
23.808531
24.348713
28.086071
30.696575
32.683914
32.612782
31.555195
30.056993
31.787781
31.621532
30.549366
29.075724
27.455502
25.815701
25.914783
25.14912
25.688965
25.142111
25.787266
26.136293
28.028955
28.058432
27.19208
27.619442
29.503178
29.482101
28.546797
28.898533
29.857405
29.380991
28.230158
26.791508
28.653378
28.64846
27.747074
26.443405
25.835814
28.975231
35.512627
42.628555
44.708641
44.304707
42.720364
44.860779
44.481041
45.447998
44.486206
42.628216
42.09491
42.214554
40.947281
42.447262
41.835613
40.229012
38.194904
39.412933
38.761116
37.231678
35.328697
33.306046
33.834579
33.026653
31.60219
29.926308
29.030636
27.689423
26.176313
26.324921
25.570183
27.798855
27.996935
32.303905
34.207226
37.441536
37.820034
38.511784
39.332306
41.037304
43.11364
44.454742
47.097454
46.888786
45.317127
46.533749
45.657818
43.80431
41.539413
39.148026
38.46772
36.933784
35.886417
34.257195
32.399643
30.490721
28.61701
26.819016
25.113821
23.506708
21.997131
20.581781
19.256096
18.015089
21.944092
23.142578
26.385574
27.115196
26.614725
27.235958
29.224842
29.263
28.363018
27.040684
26.405403
25.271633
23.934021
22.540472
23.709013
24.374653
27.323057
27.881758
27.275145
28.673061
28.444693
30.835976
31.01685
30.130381
30.455881
29.656479
28.341869
26.821053
25.248915
23.701469
24.75964
24.4909
28.683678
29.797354
31.093988
30.741003
31.303564
30.591433
29.289396
27.744877
26.132378
27.083021
29.234919
29.351068
31.030977
33.409256
33.503147
37.587265
38.36935
37.540924
38.510155
37.767181
36.225143
36.892914
36.055901
36.219204
35.161041
36.094604
37.107105
36.428947
36.65686
35.615971
33.998356
33.851307
32.71838
31.995886
30.644808
30.730995
31.504827
30.887846
29.622208
28.084734
26.464937
24.856436
26.697443
26.743902
25.926956
28.114552
31.676598
32.393417
34.26638
34.090645
34.633236
35.503807
34.807808
35.078003
34.106983
32.570282
30.810101
31.543022
33.450401
33.316799
36.449108
36.809765
38.373055
39.616516
41.515751
41.125145
39.646992
37.692844
35.571407
33.436195
31.36138
31.925877
34.588749
35.630699
40.951824
42.222473
41.507763
43.255531
42.737572
45.389671
45.239082
43.747105
41.657661
40.195229
38.231441
36.088474
33.926693
32.672112
31.044243
33.530174
35.368763
35.141937
36.475388
37.668011
39.603966
39.291004
39.604488
42.754215
42.925354
41.66053
39.745651
42.66906
44.430988
46.428169
47.627251
48.405373
48.108494
46.4562
45.053139
42.965424
40.614376
40.755825
39.544804
37.722187
35.662994
33.554817
34.882854
35.274452
34.355583
32.836132
33.621086
38.03344
38.959187
38.181229
40.003014
39.622681
40.741795
40.000793
38.389614
36.411037
34.318092
32.235897
30.224209
28.309515
32.440304
33.406319
32.821964
31.511305
29.892933
29.874338
28.927923
27.565557
26.046169
24.499029
26.38073
26.456663
25.662897
29.566713
30.513891
31.708075
31.286606
30.102362
31.134121
30.652641
29.459476
27.96191
26.36515
26.467653
25.686296
31.292145
33.002674
32.788582
31.656816
30.119795
32.678356
32.881767
34.492805
40.122967
41.56805
40.957687
39.379211
40.778919
40.171494
38.619114
37.509987
35.800171
33.855484
32.707413
31.129576
29.394863
30.184414
29.616432
28.414223
27.793512
30.865194
31.371952
33.176071
33.001499
33.578812
32.802361
31.400047
29.741142
28.011036
30.54306
33.345917
33.64571
36.127468
36.185738
35.078182
33.445427
35.005234
34.655922
33.400597
31.749508
29.960142
29.857313
28.870983
27.491217
25.965803
24.418312
22.90876
23.161612
22.556219
21.557604
26.340261
32.052822
33.790726
33.565071
32.40337
30.828531
29.104702
27.3634
25.668346
24.048695
22.516096
21.073391
21.415955
20.908426
20.00852
21.493608
21.532408
20.875322
25.843443
27.418659
27.314808
26.407755
25.991796
27.521551
29.089441
28.929649
27.945049
26.5952
25.112265
27.853952
28.296709
27.621376
26.430227
28.422306
30.183981
31.779709
31.548861
30.447954
30.660482
29.800392
30.997328
30.599482
34.538544
37.891842
38.313362
37.313496
35.662315
33.750122
31.772564
29.825666
27.954603
26.178667
24.504162
22.930914
21.455673
20.073807
18.780148
19.266254
18.895134
18.123928
17.184772
20.436413
21.356871
21.128773
22.901365
24.730886
24.833527
30.890722
32.830627
32.732124
31.657637
30.148096
30.173779
32.632824
34.48666
34.294846
33.126499
31.525774
29.76762
31.382631
31.173517
30.094805
28.632294
32.121719
32.789692
33.778343
33.193192
31.870501
30.235073
28.500751
26.773365
27.648716
27.201494
26.133083
28.19343
28.298279
29.157408
31.200262
32.899151
32.682724
34.098351
36.253437
38.696072
41.200153
42.806767
42.235088
40.635132
38.591492
36.398861
34.203495
32.075699
30.895546
31.904358
31.387716
30.154579
28.616003
28.675823
27.804668
26.513706
25.061613
25.274509
24.583612
23.480318
22.213549
20.908031
19.624863
21.786303
22.140764
21.616219
29.169937
35.276249
37.102119
36.814789
35.521492
33.785614
31.891621
29.981131
29.819473
31.351257
33.648346
33.695721
32.661064
31.139174
29.431009
28.5354
27.209747
25.719162
24.196129
25.250505
29.206537
30.190104
32.260315
32.242283
32.070225
30.981176
32.031082
31.530184
32.845337
34.143093
33.694962
32.422337
31.642029
30.274286
28.667303
30.389446
33.656551
34.169575
35.888901
35.588463
34.327358
32.644402
30.811663
32.35807
32.085396
30.947535
29.429852
27.777351
26.111967
26.189451
25.404804
24.230703
25.451595
29.4813
30.491627
33.41362
33.768517
32.879284
31.42038
29.733656
27.990437
26.27478
24.626217
25.606792
25.274202
24.321329
23.100418
24.334295
24.16329
25.019686
24.64587
23.692909
24.188478
23.667442
27.764874
28.861599
28.482655
27.406826
27.726835
30.404045
34.129402
34.847694
38.341145
39.664268
40.751862
45.085804
46.600952
45.866306
44.07412
41.830212
40.288166
38.283237
37.81567
36.4044
38.826157
38.770916
41.769718
41.899261
44.04026
47.928547
48.292053
46.951199
44.833778
48.34864
51.064812
50.766922
49.879131
49.584263
47.886597
45.568466
43.873466
41.682549
39.322201
39.499725
38.34544
36.587711
34.595299
32.552696
30.55007
32.023102
31.725685
34.829254
39.468929
40.458813
43.058208
42.95549
41.55817
39.582886
37.391975
35.166279
32.993694
34.308414
33.863239
32.586754
30.951036
29.194115
27.434111
25.727858
24.100965
22.563236
21.1166
19.759111
21.880638
25.606579
26.592602
26.231689
25.235153
23.964605
26.844315
27.385052
26.785398
27.353626
26.768152
27.343735
29.307308
33.572731
34.567883
35.65789
35.062428
33.676121
31.953466
32.668545
34.532028
36.888603
41.953274
43.069321
43.950592
45.539871
44.874104
44.842918
43.420742
41.37505
40.790894
39.230247
37.249577
35.129307
33.856941
32.183346
31.217962
29.774611
28.147011
26.48197
29.093222
31.131226
31.13316
30.157091
28.741917
29.705446
29.236046
28.093121
27.510977
30.610043
32.83477
32.872902
31.859652
32.069973
31.164608
29.751772
28.139534
26.482117
28.248592
28.210588
27.307049
26.016146
24.579687
23.118429
21.691086
22.870028
22.718601
21.932924
20.867285
21.397413
20.980549
20.970343
20.307367
19.351662
20.830561
22.583988
22.717453
24.613865
24.752316
24.042053
25.491632
27.933134
28.229208
27.485567
27.962648
27.314301
26.145735
26.460779
28.326935
28.334318
27.448713
26.161966
24.722946
23.255943
21.821535
20.447792
19.146305
23.859159
25.374037
25.305378
25.326683
27.087341
27.082951
31.321365
32.374191
31.86393
33.164108
32.747875
31.520287
29.941521
28.243631
26.541813
24.8915
25.01453
24.288628
23.177767
24.462072
30.250082
33.777622
36.108734
36.095238
34.956047
34.160324
32.706142
33.526539
32.868465
31.52095
29.884567
28.160776
33.23632
38.873146
40.360657
39.808544
38.294113
36.365021
34.297291
32.227863
30.222546
28.310965
29.049599
32.734756
35.174305
37.787415
37.856697
36.701977
37.540821
36.765644
35.239586
35.097542
33.927906
32.30143
32.203369
35.387695
35.806622
36.580997
35.80497
34.308632
32.513302
30.630674
28.765221
26.966541
25.256382
23.642414
22.125286
24.09589
24.286215
23.615507
24.249071
27.186026
31.985527
38.377419
40.243145
39.876358
40.145653
39.015156
37.247849
35.230118
33.155418
33.663689
32.851387
34.823933
34.678535
33.520454
31.912302
30.138458
28.340687
26.587845
24.911591
23.324711
21.830566
22.124659
21.571611
23.17424
23.216755
23.35701
23.539804
22.888891
28.645184
33.05624
34.137543
36.130829
36.802784
35.970615
34.44212
36.869141
36.877853
35.72477
36.595047
35.864655
36.085167
35.05867
34.313869
35.424522
37.391521
37.162891
35.886852
37.541405
37.158001
40.049789
40.181915
45.771633
47.020035
46.144096
47.66893
49.4506
48.754528
49.435432
49.907936
51.113903
50.089123
48.025051
45.5266
45.443092
45.673725
45.199604
45.250271
43.854591
46.050045
45.659412
45.735756
46.03397
45.581017
46.478264
45.45068
46.924427
46.159721
44.343899
42.080181
39.672382
39.816132
38.635704
40.249901
46.549332
50.659393
51.892139
50.855793
48.762112
46.226288
43.557686
43.454247
42.040924
43.436409
42.74358
41.069469
38.976566
40.990204
41.519455
40.470718
39.545391
40.405155
39.550163
37.898357
37.612495
36.29488
34.523037
35.982235
35.553936
37.626102
40.834229
42.790482
42.387238
40.863411
41.394386
42.047188
43.586445
43.806385
42.537308
40.592884
42.627144
42.266476
40.766922
38.767345
39.135567
38.084305
36.384258
36.122726
35.711948
34.393955
32.681599
30.833546
30.675131
29.636414
30.752703
30.323795
29.166197
27.69492
26.119165
24.542664
23.015293
24.104637
23.871422
28.1007
29.250217
28.88442
32.044296
32.556427
34.325947
34.09866
35.464638
36.704605
36.148338
34.746777
34.680004
33.559624
31.96837
30.200867
30.100994
29.108423
27.718224
26.180679
24.620605
23.098665
30.975214
35.483124
36.534798
35.893421
34.458977
32.688637
30.812531
30.641304
29.597486
34.954544
36.430645
35.996391
34.658207
33.776257
33.98951
35.570511
35.213623
35.633968
38.111214
43.195496
44.28196
43.414177
44.180199
43.161686
41.318031
41.681095
43.092693
42.418369
44.156975
46.15152
45.661247
47.386433
46.72802
44.945385
42.678757
41.099171
43.292747
47.229744
52.728992
53.715614
52.503811
50.27417
49.322399
47.317448
46.566391
44.744316
42.465069
40.037716
37.615421
37.816765
38.423538
40.902798
43.355217
43.172585
41.730068
39.727692
37.519222
35.281082
33.098927
33.557346
35.269672
34.98531
35.447639
34.557301
33.045227
31.281973
34.543797
38.420059
39.076168
40.710255
45.307991
48.639679
48.713547
47.220337
49.263298
51.243797
50.586956
50.38081
52.094364
51.282631
49.283417
47.625023
47.030754
45.269451
43.002872
43.958347
43.037815
43.790283
42.777519
40.948654
38.785236
36.529011
34.299007
32.151577
30.111195
28.186275
32.315998
36.679024
41.01717
42.662045
42.113289
40.528164
38.495003
36.31044
34.970116
33.228951
31.349895
31.160372
30.091499
28.63381
28.731903
27.877386
26.592131
25.140316
26.199276
28.430931
28.610605
27.799082
26.536926
25.097952
23.61919
22.167747
20.774954
21.150846
20.66765
22.332195
22.430878
25.167967
25.692799
28.532211
29.000628
28.315525
28.794695
28.121235
29.460501
29.179235
28.128479
26.741074
25.235537
23.720503
22.248444
20.843218
19.5142
18.263483
17.08963
15.989527
14.959372
13.995141
13.092829
13.945376
13.917235
15.163781
16.13505
16.095217
15.570997
14.830574
14.009545
16.569162
19.823801
20.764931
20.565332
19.824099
18.845976
20.329967
20.404758
19.80036
19.737099
19.087341
18.176277
17.168295
16.145397
15.14743
17.586355
18.205908
17.932161
17.23794
16.363558
17.126884
16.956045
20.583895
21.680422
21.526731
21.625784
20.994717
20.032768
21.487289
21.511606
20.848232
20.723761
20.013643
19.892918
20.059071
20.357788
19.862423
19.001186
18.839653
20.716053
25.209217
26.5762
28.943981
29.172943
28.367432
27.090334
25.626816
24.11968
22.63888
24.610823
24.785637
24.091799
23.002514
21.757483
20.476713
19.218956
18.011745
19.411886
19.475212
20.591276
23.02634
23.473324
22.951397
22.828867
22.053617
20.989197
22.364479
22.323215
24.148066
24.26676
23.56225
24.181261
23.719732
22.753706
23.272484
22.791336
21.845015
24.098574
27.818331
29.580379
29.49843
31.078575
30.862244
29.789846
30.03672
33.454723
34.046547
33.262386
31.841936
31.85725
34.258492
37.730347
40.759071
40.934723
42.279709
49.234528
51.02993
50.290894
48.357735
47.60849
45.754642
43.428383
40.948223
38.471996
38.62056
37.479939
37.45274
36.264374
34.555569
34.347221
33.169289
31.562647
29.800484
33.109341
33.659584
32.867588
31.455772
29.790552
28.05587
28.887465
30.92557
36.024391
37.342903
38.501133
37.849224
36.348347
34.48682
38.449287
39.145885
38.252026
39.167507
40.074902
40.949928
43.478752
43.328934
46.987667
48.967251
51.775009
53.195633
52.208611
50.096172
47.509502
44.77618
44.603436
44.817558
43.513966
44.915936
44.17979
42.439804
42.817459
41.655193
41.486561
40.103661
38.180958
36.059296
34.757076
37.282887
37.326077
37.872284
36.946148
37.038712
35.920849
34.256695
32.382378
32.162739
35.289932
38.229717
41.835598
44.799885
46.514576
48.423676
48.669422
47.260139
45.100201
42.647472
40.131073
37.663067
36.992573
35.50964
33.683048
34.293926
37.753147
40.775101
40.946983
39.744572
38.768215
37.931072
36.338661
35.281876
33.667107
35.228615
34.8731
35.304779
37.797821
40.354279
40.315823
39.032181
37.190773
37.684437
36.738972
35.131935
35.802792
35.00148
33.518208
31.75395
29.91008
38.266663
41.927925
42.370689
41.253723
39.422626
40.699627
40.035774
38.460552
38.193832
38.563953
37.531528
36.706264
35.15802
33.311069
31.378639
31.16258
30.080896
31.162575
30.704197
31.217306
31.332512
30.404591
33.246777
38.65897
44.287334
45.600853
44.800766
48.100975
49.873394
52.553204
52.191189
50.379467
47.928314
46.095379
43.768467
41.277336
41.330708
41.756126
45.740513
46.218834
46.694965
45.458328
43.437832
43.649437
42.381302
42.987419
41.929565
40.105656
41.364681
44.064926
46.524246
48.79068
48.348175
46.618397
46.86982
45.519783
45.139668
43.540565
43.951355
42.769409
40.85955
38.66003
40.632401
42.849834
42.57019
41.099991
42.497673
41.835377
41.052795
39.388645
37.353294
35.203491
33.066219
31.850418
31.11536
31.482666
30.671131
29.31885
27.749269
26.124598
24.524426
22.986248
21.526129
23.54291
23.772774
23.137163
22.105791
26.00713
27.064819
29.268717
31.105572
33.556892
33.681217
32.683971
31.179342
29.478201
27.736076
26.028929
24.392162
25.385754
31.853556
35.657272
36.365257
38.109325
37.751072
36.394352
34.600616
32.653244
30.693224
31.333826
30.658218
29.37162
27.831963
26.219044
28.015169
28.847105
31.735037
32.974648
32.53524
31.303211
34.819542
37.960953
38.278538
37.229858
35.557842
35.335712
35.816959
34.924118
35.944534
35.306656
34.740719
35.075478
35.832367
35.071438
33.605385
35.240242
34.919601
34.518166
33.242146
34.131283
36.880867
37.044147
35.960079
34.310921
32.442097
30.526428
30.345163
32.699436
32.804062
31.824881
30.355873
32.091301
31.917774
30.832806
29.34412
27.708246
26.053001
24.440413
22.898903
23.136719
22.524876
21.524155
20.368046
23.415594
25.841333
26.195496
25.54356
26.125648
26.433775
25.752239
26.313562
25.75742
24.681997
26.784525
26.953848
26.189339
25.000273
26.189825
25.939301
25.004972
23.771526
22.433115
21.086288
22.322891
22.216314
26.558365
29.507223
34.239616
35.438148
34.901691
35.245567
34.304691
32.776272
31.013605
30.890541
29.862047
28.430948
26.851385
26.946896
29.540737
33.253151
33.992718
33.281208
33.591869
34.38372
33.685059
32.292404
31.45853
30.070812
29.309032
28.023375
26.526474
27.520264
27.982374
27.326199
26.153517
24.769541
25.872717
25.590654
24.652105
25.124519
24.562977
27.76446
30.976059
31.546547
30.830589
31.216009
30.421534
31.630478
34.612133
34.958084
36.572411
36.200085
34.885265
35.704208
34.9771
36.075451
42.258114
43.901573
43.31324
41.67144
40.423584
43.646088
43.824207
42.534496
42.277077
40.826717
38.848923
38.376637
36.945499
35.098724
36.503857
39.42683
42.987091
43.348118
42.161198
43.661648
43.012169
41.350456
39.254677
37.016228
36.476273
35.072258
37.539291
37.546204
40.613277
42.508717
42.085125
41.409397
39.785358
37.756809
35.597641
33.443474
31.359329
29.37421
27.498949
25.735296
24.08061
22.530157
21.078461
19.719732
18.448296
17.25869
19.53932
20.021547
19.62487
20.515289
20.299168
19.55835
20.285572
19.998272
21.777914
21.949261
23.887972
24.069511
23.401384
24.042904
23.59654
24.338465
23.931038
25.529577
25.496204
24.680079
23.513596
23.912247
25.898525
28.585026
28.978334
28.257864
27.025055
25.584843
25.787031
25.074911
25.642792
25.110851
24.06735
22.810886
21.491562
20.183458
18.921783
17.722013
16.589617
17.221916
16.985174
16.338449
18.060307
20.865765
21.558458
21.21463
20.383739
21.890198
21.926826
21.256317
20.267214
19.156149
18.021353
19.455967
19.534472
20.655964
25.63682
27.224627
27.132933
26.237411
30.922741
32.202728
34.352169
35.154934
34.437305
33.011932
31.291378
29.483017
27.689241
25.958759
24.312988
25.304737
27.532192
27.738056
26.966484
29.143248
29.274214
30.963659
34.197037
34.676899
33.819176
32.345917
30.623262
28.834856
28.767805
30.378035
31.894938
31.622616
30.499456
32.3965
32.291012
31.227015
29.736032
28.08675
26.413195
24.780502
23.218672
21.739882
23.74099
23.957115
23.309118
22.266413
23.612051
25.214195
25.192463
27.785059
30.703562
31.14183
30.375057
29.053574
27.507111
25.90114
29.407372
30.168598
33.829498
34.52623
33.777397
34.902958
34.348278
33.003975
31.322594
29.532066
29.442123
31.020208
32.501507
32.193047
31.034639
36.291553
37.677601
43.948177
45.580799
44.934589
50.00132
50.865784
52.229973
51.246143
49.165455
48.32
48.942806
51.099655
50.532024
51.218838
53.335018
54.374508
53.167435
50.919243
48.241505
50.531891
52.591419
54.475456
54.51926
52.829426
50.359932
47.593483
44.771187
42.010651
39.366417
36.860996
36.197685
34.743179
32.954288
33.606125
32.864616
31.477127
31.519718
30.551044
29.127066
30.074282
29.585461
32.664261
33.117981
33.99342
33.347149
31.990261
30.334646
28.587515
26.851248
25.174685
23.579412
22.073238
22.353935
25.180862
25.748449
25.213045
24.164669
24.599609
24.036556
23.011822
26.887899
27.905825
30.064224
30.157467
29.255873
32.146748
32.52644
33.384903
36.143166
36.333755
35.285107
34.522545
35.618114
37.571793
39.027924
41.896145
45.352638
45.589584
44.272728
44.796097
43.641727
41.717754
39.484497
38.021183
42.064011
45.23098
45.332684
48.200951
48.065983
46.492786
45.974983
50.222332
50.686314
49.318562
47.113945
44.576591
44.504215
44.769634
45.189011
47.365963
46.925156
49.482864
49.158516
50.005291
50.539555
49.210197
51.269405
53.194775
52.450211
50.446659
50.446457
50.560085
51.573246
52.986626
52.002716
52.443401
55.251347
56.562996
55.417934
56.52248
55.279274
57.189407
57.160606
55.352997
52.747738
49.841137
46.881016
43.988056
41.218166
38.594288
36.12289
33.802296
32.475338
32.515682
32.363079
34.667789
34.686844
33.607479
32.034409
30.273582
28.477823
29.26684
28.727388
27.566776
26.144262
24.640579
24.841898
25.855831
25.531435
24.574419
23.343592
22.868263
21.922329
22.476845
22.037828
21.135393
21.735506
24.735256
25.399826
24.921944
23.910336
22.674124
22.217216
21.300568
21.888653
21.484221
20.61577
19.551697
18.427067
17.30864
17.076681
16.429388
18.148119
18.404118
17.949543
18.864725
18.712294
20.597067
20.855976
20.325848
19.433371
18.394867
18.167217
23.426565
25.217508
25.28635
24.5259
30.178204
32.794415
33.021854
32.094837
32.339211
33.138546
32.48254
31.148123
29.529724
27.825722
26.134071
27.895046
27.865475
26.976816
25.70343
26.83041
28.226534
30.55652
30.716724
29.829746
30.164425
32.772182
32.996273
32.068451
30.616461
31.503487
30.940916
29.699734
29.868393
30.708883
30.148891
28.933819
27.442232
25.864658
24.295267
22.779058
21.335995
19.97333
20.388851
22.493799
22.798931
24.775236
28.340599
29.163698
30.340635
29.953815
28.828022
27.382652
25.829115
25.96921
25.22155
27.464563
27.680027
26.914877
25.702755
26.010771
29.584473
32.917759
36.030941
36.395519
35.428509
38.94265
39.408451
40.092297
39.162601
37.487103
36.354347
37.214664
36.460014
34.953403
37.374893
39.910263
39.875599
40.304413
40.09396
42.128288
42.631771
41.535732
39.705872
37.580959
40.471413
40.589676
43.614719
47.092617
47.285225
45.893871
43.785393
43.943844
51.124947
52.969681
52.193489
53.576401
52.559303
50.421413
47.812286
45.058712
44.018963
46.380192
49.45245
49.37619
47.790077
46.376953
47.636459
46.746513
47.397308
46.222511
44.207729
41.852722
39.408215
36.997433
34.678497
34.173244
32.85817
32.892208
31.876354
30.388126
32.961704
33.163429
32.219616
30.755199
29.086697
29.91774
31.923231
31.884697
30.865606
29.407532
27.78437
26.132853
27.064737
30.05661
32.247196
32.287403
31.293493
29.834087
29.893696
28.984228
27.63784
27.82066
27.035425
31.748672
37.258167
38.735195
38.229057
39.331493
38.62672
37.924465
40.639057
40.667583
41.101894
40.869072
39.474716
38.414646
36.699974
35.573135
34.763985
37.526402
42.766003
43.940533
43.125786
43.926311
42.932331
45.34967
48.481194
48.46389
46.934727
44.727402
45.657192
44.671017
42.795509
40.551735
38.201462
35.873806
33.630066
31.497019
31.180912
30.050587
30.26145
29.413095
28.082615
28.259104
27.457066
26.21022
30.727644
31.933117
31.510002
30.317966
28.794014
28.855246
27.979162
26.680344
25.219267
23.726078
22.264347
20.863583
19.536066
20.830591
20.79867
20.13065
19.178066
18.118713
21.283312
22.135387
23.546812
23.485794
22.719482
23.335255
22.898722
25.364069
25.752241
25.130537
24.043303
22.766588
21.438942
23.522076
24.63287
24.393387
23.512867
24.897291
24.780922
23.947382
22.795532
24.072136
23.92988
24.807415
24.450415
23.511654
25.716551
25.968546
25.274662
24.996641
24.07868
22.88216
23.286188
25.294712
25.465618
24.748581
23.627541
22.347637
21.031597
21.43631
20.957989
20.070557
19.014486
17.910553
21.90868
23.141474
23.007389
24.766188
24.83375
25.783701
25.430836
24.463295
23.230906
24.455164
24.275755
27.669781
28.431639
27.905348
28.47366
29.549885
29.139498
28.027952
26.614519
25.100449
23.585552
22.966192
25.341602
25.687273
25.047205
28.195776
31.368429
31.907888
31.165697
33.224796
33.171165
32.104446
30.584625
28.894861
27.176502
25.498341
27.285734
27.287979
26.432728
26.040854
30.125843
31.142506
30.653513
33.698723
34.10384
33.228195
33.461681
32.523754
35.294632
35.517918
34.510563
32.943745
31.157373
30.170025
28.749025
27.164326
28.944345
28.890987
27.958721
26.633574
26.858112
26.123114
24.950312
26.149248
27.601301
28.280972
30.265139
31.965179
31.778627
30.691757
29.206589
27.576723
25.928495
26.019972
25.247377
24.083996
22.76944
23.968721
26.33777
31.739534
33.338005
33.059566
34.43359
35.709785
37.747322
37.541393
36.264404
35.361435
33.818054
32.015514
33.538662
33.217739
34.566395
34.129421
36.24213
36.119534
38.320793
39.872314
39.366272
37.887867
35.988804
37.340916
36.818539
36.260628
35.703152
34.314999
36.813419
40.251774
40.640083
39.551247
37.787102
37.450787
36.113998
34.338627
34.105125
32.922718
33.018436
33.725067
33.006126
31.625044
35.059669
35.609131
34.755581
33.254936
31.490585
33.048557
37.850163
38.968605
40.828125
40.440037
38.984562
37.062115
38.369297
37.793072
38.027115
38.642994
39.422955
38.560413
38.63287
37.45533
35.714352
35.454201
34.216644
32.548492
33.271046
32.574017
32.913815
32.044144
33.166054
34.360935
33.856548
35.097027
36.288254
35.721653
40.267315
41.186985
40.336205
38.661789
36.644299
34.525326
32.424133
37.184624
41.697811
42.556984
44.179363
43.57222
46.155251
45.947475
44.405796
42.27182
41.6171
41.693466
40.421753
38.54245
36.430317
35.121017
33.390003
31.510784
32.16452
31.469164
31.844446
32.722183
32.116901
32.51511
31.686012
31.99025
37.071274
38.348392
37.758377
36.290081
36.991222
36.167152
38.029999
39.428101
38.862324
37.371017
35.481998
33.461227
33.985775
34.868011
35.894352
35.26091
37.243725
42.966141
44.366333
43.646561
43.627979
43.946758
46.962765
50.331226
50.369648
48.807465
46.525505
43.969429
42.210323
40.040798
37.742252
35.453835
35.787319
34.824448
33.269142
31.478098
29.630028
30.357759
29.754629
28.53121
27.896648
26.716436
25.31119
23.841932
24.933262
27.220207
30.858028
31.636944
31.018244
29.747692
28.203918
26.577362
24.962093
23.402929
23.616442
22.977888
27.04051
35.778847
38.853146
40.807278
43.010483
42.718983
43.783588
46.314568
46.076775
44.516632
45.763893
48.320457
48.032028
46.386181
46.685219
45.363823
46.699173
45.875061
46.584839
47.16066
46.805656
45.166355
45.506805
44.242252
42.246517
39.962219
37.610985
35.301395
33.932705
32.210445
30.372448
28.536518
29.304405
29.602007
34.754818
36.139084
35.669872
34.325138
32.6021
30.751415
31.442713
30.788034
32.90102
34.580238
36.846802
36.779156
38.986073
40.519444
39.984394
41.866249
44.00148
43.646248
42.105927
40.0448
37.798164
35.532932
34.178288
32.455078
30.608923
31.306875
30.659655
29.386654
27.853033
26.242359
29.735641
30.480343
32.426716
32.343983
32.986053
32.259296
30.897898
29.274405
31.817963
40.525154
46.829155
48.387436
47.617447
45.753292
43.422153
40.939873
41.856464
40.983196
39.277649
37.22591
35.07225
32.937233
30.878155
31.465378
31.608408
30.68519
29.27883
27.684538
26.050018
26.14427
25.369102
24.200674
24.57682
26.531445
26.637665
25.852768
24.664482
25.86495
25.629858
24.712648
26.8902
29.637449
30.026899
31.816881
31.67816
33.16264
32.834957
31.647173
30.083548
30.933676
32.916462
35.381054
35.45451
36.073978
38.63308
38.649864
37.445045
35.691299
33.728931
33.424744
32.229733
30.644361
29.769638
28.415283
26.873096
27.834257
27.422436
30.606098
31.174755
30.469593
29.174726
27.637251
26.031511
29.53377
32.834316
33.389214
32.607929
31.209404
30.406694
31.612156
31.199104
30.021658
31.059212
30.582878
32.787971
32.818161
31.802782
30.317093
28.652115
29.49848
33.221298
41.60247
44.322456
44.237991
42.809166
40.779503
38.524937
40.475109
40.141617
38.721748
36.824642
36.454666
35.132957
33.39563
31.513174
33.01371
32.698406
32.369259
36.285774
37.028221
37.071224
39.32214
39.169292
42.9571
43.428368
42.291882
40.418842
38.25082
36.009163
33.802467
31.681818
32.214252
34.004265
34.645317
33.866005
32.428947
30.721054
28.936689
33.958775
35.305248
34.84404
36.922684
40.155994
40.44883
39.320137
37.544098
35.512894
33.42284
33.91534
35.632793
37.884697
40.322632
40.228203
39.76886
39.148617
38.470596
40.33128
40.807743
43.997982
45.846367
45.295433
43.609421
41.431087
40.781471
41.73489
40.883125
45.978256
46.982635
45.990662
46.61618
46.302139
48.091888
49.987537
49.329376
47.465218
46.777157
50.917545
51.308338
49.885929
49.334064
47.52084
45.158669
42.606976
40.044319
37.556824
35.183487
33.787857
32.057243
31.916826
31.696182
30.595552
32.500385
32.39539
33.025158
35.684864
36.690907
40.264702
40.717667
39.657471
42.145744
42.018303
40.6385
42.094082
44.865841
49.031216
49.493187
49.010323
47.240398
48.301445
49.840481
49.015678
47.081326
44.674789
42.116978
