10000
0
10000
45.266163
48.48539
48.510109
46.999641
44.799278
42.336559
40.673542
38.598392
38.087215
40.040089
39.721554
39.170448
42.766945
46.545887
46.900265
45.598694
43.542576
42.885399
42.920776
42.439259
40.87619
38.842701
36.647057
38.68446
38.449081
37.977833
36.559715
34.731281
34.459976
35.793468
35.310707
36.515957
35.948914
37.942062
42.799099
45.48568
47.045467
46.318306
49.605915
49.628292
48.081631
48.375107
48.694809
49.017044
47.633602
45.474342
43.010193
40.476929
42.231987
41.749657
41.056225
39.434788
37.418491
35.275822
33.139679
35.315723
35.25264
34.11607
32.499565
33.24847
32.564808
31.214516
29.586411
30.421179
29.867451
31.209429
32.571396
34.748627
34.703911
33.59338
32.005795
30.238882
30.986496
30.373182
29.125458
32.702579
35.939644
38.0634
37.888985
36.616184
35.704216
36.690948
36.013466
37.103123
36.462166
35.010071
34.910774
35.464333
36.314098
35.582657
34.963127
34.416779
33.074326
33.088428
32.056847
30.555393
33.117374
35.005444
36.510582
36.087757
34.752216
35.565353
34.83984
33.398056
31.657478
32.37323
34.246307
34.919659
34.147251
32.704685
30.985495
35.974602
37.241974
36.681992
38.655506
40.087143
39.516804
38.002747
36.082993
34.028572
32.822392
32.909832
31.919096
31.289972
30.00589
32.689514
32.952644
32.044918
32.300125
31.409111
29.99548
31.76882
31.623606
33.106689
32.78009
31.594545
31.730442
31.648378
32.312595
31.617634
30.291626
32.097755
36.199989
37.034313
37.121265
35.998119
35.177387
33.679291
31.902847
30.04847
29.063236
35.313583
38.055885
43.269188
44.415329
44.420425
47.270905
47.156593
47.318642
45.911568
46.340191
50.18224
52.998035
52.687321
50.884689
48.422066
45.719727
42.987007
43.719093
47.789173
49.092777
50.723511
49.914989
48.808655
48.442421
48.443138
52.01368
52.096382
50.501255
48.150307
56.539326
58.794357
58.032413
55.845322
53.04237
55.121944
55.239388
53.562328
51.075962
48.278938
45.42046
45.167374
46.173603
46.056332
44.554688
43.283657
49.798897
51.365459
50.505978
48.508217
46.874828
44.619331
47.2262
49.541458
50.795647
49.804001
50.309994
52.367847
51.712875
49.775486
47.282921
44.601944
41.914581
39.308502
37.671635
35.703266
33.637444
33.286427
32.921669
31.71335
32.682995
35.516685
35.763168
35.607658
34.415558
32.762989
32.637909
34.098816
37.124035
37.412067
37.224773
35.966656
34.233707
33.175457
31.626101
29.889462
31.510992
31.300959
30.217827
34.688118
35.74667
36.83012
36.19474
38.995735
39.965729
39.177452
39.266212
38.076603
44.794346
46.615231
46.026966
44.300034
42.080395
39.69376
37.301804
38.375957
37.687595
42.113106
42.91713
42.804916
41.407753
41.982471
40.941044
39.156063
40.463562
42.36697
41.95166
44.677685
47.978573
51.452003
52.354088
55.38641
55.104774
58.330643
58.049557
56.941292
55.470493
53.023338
53.577621
52.162525
49.845913
47.169014
44.403049
42.529541
40.295048
39.654106
43.19228
43.536236
42.335232
40.429848
39.094341
37.226074
35.160526
33.913464
32.250244
30.439335
31.15954
33.921227
34.183193
33.236298
34.28371
33.71093
34.074722
33.180149
32.557652
36.327377
40.391602
41.924534
44.738754
46.383312
52.504818
53.797333
52.729923
50.562508
50.47998
48.85622
48.239956
49.823727
49.869316
48.326241
46.068565
45.235287
45.112335
43.637589
41.559883
42.651344
44.382313
51.456566
53.239597
52.425255
50.388958
47.829674
45.099472
43.221252
40.962807
38.592609
36.243099
33.977264
31.822739
32.334461
31.565542
30.205666
29.453033
28.167265
26.665783
25.107807
23.571589
22.094032
20.691008
20.216228
19.353777
18.332195
21.508228
22.358757
22.06562
21.232382
22.711073
22.708595
24.539986
24.649517
28.170591
30.674559
31.763023
31.289066
30.079527
28.554644
29.471365
28.986822
27.844454
26.421978
26.606386
28.405233
28.377834
27.474146
26.177937
24.733858
25.809273
25.515892
24.574244
29.289604
30.635286
36.259037
39.519119
42.389992
42.438637
41.130234
39.211082
42.149204
42.237724
43.499958
42.741146
43.580627
44.313011
46.667782
46.334297
44.720104
42.541443
45.250397
45.131527
43.65815
43.277229
41.736168
42.231461
41.144089
41.027473
39.683956
39.490135
38.157803
40.562435
40.444489
39.118637
37.254257
40.280094
40.469368
43.532341
43.637379
42.318436
43.750538
46.459026
46.301998
44.773571
42.634407
41.965832
44.569805
44.421833
42.956768
40.905048
38.635944
41.424046
43.160034
42.639427
41.051334
39.848698
38.020576
35.949371
33.826424
31.745256
29.74946
27.857288
30.31629
30.545988
29.697742
28.358381
26.825155
25.246939
23.696627
31.540781
34.318588
34.575809
38.704746
39.473278
38.603706
36.974598
40.122231
47.162186
49.063499
48.437046
46.616146
46.823887
46.30267
44.599304
44.078396
44.990147
44.016239
42.16716
39.955811
40.185013
39.034046
40.649891
41.847149
41.108982
39.464409
38.284451
36.516308
42.156742
43.542934
42.842289
45.403358
45.208614
45.3932
44.057354
42.033173
43.983898
43.540558
45.354885
47.348221
46.819775
45.096714
45.399132
44.119705
42.120655
39.838703
42.582893
42.564632
41.220139
43.522831
43.263046
43.477413
44.761208
43.973156
43.063118
41.274639
39.120403
37.70644
35.844048
33.824703
34.338547
36.90136
36.974277
36.697399
35.412823
36.229721
35.485149
36.559177
38.472954
42.426842
42.994514
46.159939
47.080151
51.135109
51.478062
50.875732
51.53508
51.082943
49.26273
46.842556
46.755356
48.639828
48.018604
46.213326
45.592812
43.864029
50.141174
51.582634
50.656246
48.621643
46.118607
43.469135
40.832466
38.284679
35.859554
34.41785
32.645298
30.769493
28.902939
27.09943
25.382774
26.306915
25.925241
29.170362
33.207211
35.80085
40.165112
41.84927
41.344891
39.805187
41.210129
40.591694
44.111256
44.417465
45.715847
44.904854
43.106159
40.889519
39.390102
37.433807
35.319469
34.89238
33.592278
31.913675
30.954327
29.522167
27.907864
28.801914
29.1759
28.439953
28.042391
26.971441
26.459057
25.382639
24.069098
24.379683
23.763786
22.722229
21.508923
24.493193
25.157921
26.384508
26.14567
26.907282
26.428698
25.369471
26.609795
26.370474
32.215195
34.011497
38.048954
44.732944
46.539532
45.946762
44.220215
42.003246
39.620319
37.232433
35.76553
37.332226
41.155167
44.245056
44.340672
44.691948
43.458176
41.501827
40.1082
39.028587
38.133675
36.507168
36.277122
35.028194
33.329117
33.163921
36.28587
36.646652
36.51833
36.159096
34.851845
33.13028
31.263729
29.38612
27.562124
25.821117
24.174604
22.625151
22.019333
22.734165
22.364073
21.48451
23.781448
30.077187
32.157211
33.843922
36.137196
40.346638
42.799141
42.633999
41.216755
39.242638
37.062984
34.852985
35.242981
34.324345
32.805965
31.895603
30.457428
29.659267
28.345169
29.369694
28.940121
28.674028
27.646387
26.285234
24.80661
23.317942
21.871189
20.489962
19.183548
17.954079
16.800131
20.809071
22.081585
21.999832
23.815384
23.940046
23.248655
22.187006
26.071238
27.118704
26.7708
25.763599
26.168139
25.541248
24.43865
23.142143
21.7932
20.461395
19.179617
21.355696
21.730715
23.774101
30.79669
33.203247
33.317173
32.326355
30.836023
31.697742
31.116915
29.861454
28.32136
26.692888
25.073061
23.508245
22.018929
23.15781
22.978119
24.715918
24.774984
24.025892
28.002541
29.882175
29.847254
28.893831
30.074381
29.697636
28.584732
27.153172
25.613499
24.918594
28.893263
31.592413
33.594219
33.501465
34.102406
33.320869
31.899834
34.458256
37.999344
38.507683
37.543411
35.902115
33.987141
34.546017
37.972355
38.426422
37.438652
35.789341
33.874058
31.891134
35.028343
35.435928
37.064877
37.532524
36.579327
39.215603
40.947975
40.49506
41.551933
40.755608
44.184574
44.444962
48.265697
48.586174
48.063808
50.546619
50.152916
48.38995
46.024673
43.44429
42.538387
45.858784
47.711266
49.648998
49.021664
50.575588
49.734818
47.770264
45.327576
49.519135
53.371967
53.547653
51.951641
50.403168
48.077713
49.69405
48.910923
46.999912
44.607105
42.058022
42.059044
42.436481
41.286053
41.134689
44.013138
46.559685
48.01852
49.757515
49.031311
48.840668
47.216412
47.499771
46.145264
46.591801
48.737778
49.087437
48.563362
47.636074
45.69582
43.329918
40.833805
38.353497
35.958618
35.376724
33.987064
36.49506
36.554405
35.435783
33.786484
32.782463
31.271469
29.5644
27.81671
26.104368
25.31114
24.135855
22.81394
21.463089
20.140739
18.873554
17.672653
16.541262
17.175568
16.941236
18.842255
19.164024
18.71718
19.612
21.12314
22.88287
23.858391
24.426645
24.781431
24.174179
23.123892
26.135777
30.155834
31.140364
33.181206
35.665382
35.739307
36.350086
35.502735
33.981636
32.18465
30.311558
28.460691
27.526974
26.214672
27.306929
26.974619
25.968513
25.518749
26.198719
25.703167
25.506964
24.612278
23.410194
22.098181
20.774549
21.183676
24.109015
28.151106
29.209118
28.80068
27.700705
27.151497
26.884062
25.911961
27.177114
27.780315
28.89505
28.523718
27.450251
26.07324
28.835642
30.10594
31.468103
31.134871
29.997759
32.752235
36.441036
43.856403
46.041786
47.343395
47.331253
45.840137
43.685421
48.066799
50.359596
54.970924
55.460701
56.500713
55.2272
53.730804
51.325958
51.105442
49.395756
52.963306
53.014748
53.072594
51.434917
49.03421
46.342411
43.595238
42.604481
45.882057
48.561642
49.173145
52.165756
52.81448
53.165512
54.210892
53.011799
52.469101
50.561897
50.604362
49.036728
47.593357
45.406574
42.931313
40.395218
38.757854
37.603554
39.262707
40.524307
39.858528
38.28796
36.332069
34.252518
32.17881
30.172985
28.262718
28.155092
28.068251
27.145727
25.850769
30.35638
31.567808
31.159044
29.984892
30.176794
32.71558
37.998707
39.343784
38.755192
38.104691
36.596481
34.723637
33.582829
31.981031
34.450089
34.55489
33.520863
31.972282
32.770359
32.125317
35.049355
37.899117
40.623745
40.657574
39.397934
37.55658
35.493595
36.782494
36.247284
34.852737
33.089211
31.203804
29.319014
27.493675
25.754175
24.110479
22.564388
24.507303
24.671431
24.824436
28.360901
30.866302
33.646221
38.167591
40.838272
43.384678
43.246246
41.822655
39.826447
37.617847
35.376556
33.189907
31.098101
29.965895
28.481731
26.875092
25.260033
24.540022
23.424101
22.153044
20.847359
21.262819
20.795115
24.159903
25.866259
27.570921
27.524467
30.032003
30.293957
31.165909
39.939098
42.899555
43.823654
44.58905
45.254234
44.153591
47.329746
47.370003
46.751228
45.8353
43.957016
41.675453
39.271763
37.73328
41.749012
42.367672
43.880459
43.230042
41.561039
42.000366
43.43856
42.766174
41.949562
40.240913
38.157455
35.959312
35.471897
35.821426
34.8652
33.311806
31.520342
35.609535
36.456139
35.718727
34.243645
32.460564
30.585478
28.725056
28.626854
27.681345
26.358543
24.896025
25.10911
24.423504
23.327759
22.917816
27.940535
29.476173
29.28874
28.279608
26.907461
34.736443
38.255047
39.592983
41.538311
41.16917
39.699898
38.59679
36.855743
34.862934
35.356934
34.484661
32.983536
31.227474
30.25247
28.83482
27.249027
25.632269
29.141764
29.912886
29.344555
28.150724
28.390705
27.615042
26.375902
26.64982
25.94508
24.79241
23.460756
22.084925
21.579464
21.507896
20.798573
19.805208
19.554968
23.063124
29.114769
34.501347
37.702656
39.753914
39.491623
41.519951
41.191216
40.589104
39.874546
38.280052
36.31292
35.925362
35.460236
34.124043
32.411415
30.57172
28.728727
26.941988
25.238331
23.628054
22.113148
24.085192
27.670158
30.22051
32.193909
32.131458
31.09313
30.467094
29.210304
27.690002
26.090851
24.504009
22.972878
24.910154
25.907316
25.573261
24.610294
24.223879
24.974907
29.642286
30.953844
34.006031
34.404854
36.061947
35.7262
37.837402
37.664051
42.337635
43.253792
44.881668
48.497105
48.711712
47.286167
45.117577
42.660137
40.989498
38.900787
38.3736
36.916187
35.057709
33.064926
31.070158
29.137045
28.991011
28.859495
27.890669
26.550102
27.618256
30.658197
31.156206
30.417686
29.108427
27.566128
25.960289
26.071136
25.306236
24.144712
24.525938
26.484585
30.836227
31.958651
34.040054
33.971561
40.508194
42.376568
45.337753
47.034069
46.372814
44.599987
45.742504
44.855793
43.02227
40.791531
38.44001
36.104263
33.8494
37.642952
38.28373
37.39011
35.787552
33.894775
31.92201
30.821136
35.263981
36.291264
37.342617
36.675735
35.204502
33.393097
31.475149
29.566229
27.721529
30.207584
30.453699
29.616236
29.133015
27.986681
28.254641
27.496681
28.814959
30.240673
29.976469
28.908869
27.488905
27.641052
32.785538
36.7728
37.533936
36.721653
36.027531
34.563564
35.320957
35.424725
34.362892
34.471344
33.441689
31.897692
35.245525
38.29266
38.554543
37.470448
35.773865
38.078377
37.990288
36.755821
35.009449
36.465607
40.262691
42.519749
42.269501
40.822861
38.846935
38.375652
36.944996
35.098476
33.110142
39.600124
42.322964
42.302643
42.662163
41.496063
40.482174
38.724827
36.665524
36.222626
34.873192
33.130695
31.254078
29.371933
27.546207
25.804867
27.552307
27.526999
26.650995
27.090717
28.996973
29.0026
34.033966
39.624516
41.066246
40.47002
39.762039
38.174213
36.213619
34.135517
32.066174
30.065983
30.70697
30.051216
30.490015
33.98597
35.446972
35.036327
33.739616
32.058002
31.941099
40.215
48.017406
50.258121
49.757156
47.95512
45.584694
43.015678
45.522282
46.146072
44.997559
43.03384
40.740215
42.602089
43.856262
43.082382
42.207104
41.310596
39.58363
38.360367
36.569035
34.561081
36.754063
36.653999
37.152473
36.226028
34.644222
33.645695
38.897449
42.744457
44.94762
45.44371
44.255905
42.296577
42.573395
43.067158
41.952808
43.494652
42.870304
41.225105
39.989601
41.53487
40.97366
39.418297
39.131058
38.613518
37.15321
35.2859
39.220497
41.576332
43.948334
43.708469
45.615238
50.190018
50.81229
49.516598
47.340393
44.809551
45.581394
50.460529
51.220497
53.371738
52.730145
50.767227
48.231293
51.438515
51.36478
53.959469
56.05759
55.306183
53.209709
55.623386
55.037132
56.42205
59.558632
59.196133
58.861172
56.853157
54.10458
51.086548
48.033813
45.060211
42.21793
39.527935
36.995464
34.618156
32.389946
30.30331
30.046926
28.980871
27.55938
28.556993
32.382004
34.899784
35.013897
36.515125
36.090286
35.602074
34.250359
33.374695
31.906784
30.200459
31.826773
31.609142
30.512672
29.028517
37.585522
40.516018
42.348915
41.900291
40.369965
38.368057
38.747688
41.956093
45.574085
47.578449
50.441689
50.234013
49.406242
52.548637
52.408924
50.697128
52.526028
57.694946
58.367058
58.555042
56.807812
54.185902
51.226181
48.197067
45.229691
44.930275
45.921703
45.805218
44.311848
42.20401
39.867191
40.03894
39.713352
40.007519
41.438515
40.825443
39.249851
37.261368
38.530575
37.931049
36.452785
34.598824
32.622601
30.649673
28.740255
28.618032
27.661268
29.727287
34.02874
36.723682
37.714035
37.00621
38.05014
37.357479
35.852478
34.00452
32.049835
37.740818
39.28989
43.891346
44.724102
44.568974
43.944252
47.35556
47.507938
47.787109
49.815151
56.013187
58.080803
57.251205
62.691746
65.882721
70.438301
72.112762
72.350784
70.194641
71.198273
75.384857
78.423592
80.815727
84.518951
88.735771
87.976486
84.85096
83.232239
82.388039
79.397148
78.862595
76.979477
77.901283
80.141403
78.702415
75.541504
71.652687
70.08152
67.12764
63.602352
59.913208
57.957939
57.745235
55.830944
53.15947
52.753334
51.751209
49.645855
47.076717
46.910614
45.358734
43.18993
44.186497
44.12693
42.713558
40.694317
38.447422
36.161705
33.929058
31.791975
29.767849
27.8615
26.071543
24.393654
25.36747
25.887531
25.324945
25.108398
24.216459
23.028111
21.734694
22.976599
25.397263
25.76293
25.130081
24.885923
23.987682
22.803507
21.519125
23.620544
23.888634
26.661341
27.156418
27.390406
33.430447
35.282429
35.913139
35.089081
36.985744
36.736065
37.160114
36.19767
43.083473
45.887142
45.793777
44.311859
42.209538
39.875195
40.896252
40.103306
39.312382
37.698803
35.74078
33.678722
31.631432
30.503883
29.005062
28.223362
28.659019
27.968914
26.75976
25.339235
23.861784
22.403339
25.241796
25.813015
25.277328
25.923586
25.420485
26.077934
29.817337
30.677689
31.825035
33.922596
33.86554
32.775379
31.223246
32.043137
32.279778
35.622444
40.352097
41.357468
45.632893
48.79961
50.486015
49.711674
48.628155
50.823723
50.283371
50.142673
48.501553
46.191288
47.874123
47.180054
47.062901
47.226559
47.519936
47.018013
53.785458
55.348049
55.210079
53.411251
51.719566
50.132401
51.190475
52.637466
51.680626
49.599247
47.043072
45.187473
42.878151
42.120216
40.434402
43.446232
45.226204
44.6619
42.989315
40.836918
39.369976
37.429935
35.323521
33.203316
34.536617
34.093185
32.810322
31.164545
32.789677
32.54126
31.400766
31.564379
30.652449
31.797726
31.349964
30.151102
31.174303
32.384258
31.949158
30.737572
29.191067
27.532217
30.961866
32.48592
32.198483
31.050001
31.220804
30.323092
34.879147
41.063305
42.744949
42.211273
41.47871
39.825211
37.781254
44.0979
46.596405
46.334183
47.299408
46.278721
44.336197
42.011856
39.57708
37.165665
34.841156
32.631325
30.545912
28.585726
26.747175
25.024742
24.260551
23.132183
21.864304
23.962811
24.218742
23.581663
24.23246
23.78458
22.82308
24.190252
24.087795
23.282669
23.013735
22.162365
22.75477
23.173626
22.647598
21.684225
21.389442
21.425034
20.769775
19.80327
18.717607
18.457184
22.843281
25.081507
30.459856
34.632427
35.549751
36.571541
40.156662
43.163651
47.495396
48.085487
49.405132
48.488579
46.526733
44.124359
45.827843
45.207863
44.339828
42.531471
41.176628
39.2337
37.917709
36.944134
36.165554
38.050297
39.458286
38.89629
37.405758
35.516018
35.190624
33.930016
32.259769
30.445194
36.253822
37.906067
37.510098
36.142811
36.897083
36.101501
38.828472
38.919769
42.832672
43.367901
42.26405
42.952763
46.177666
46.277485
44.873196
42.79052
42.14418
40.511211
38.455605
37.109901
36.1474
34.550755
32.699635
30.784376
32.292019
33.699585
33.318111
32.089333
30.492134
29.616512
28.266544
30.97312
32.997932
32.93494
31.871151
30.360046
28.681517
26.975256
25.309217
23.714777
22.204752
22.479481
26.147997
27.089449
26.691526
25.662802
26.060177
25.433224
26.879177
26.730179
25.819782
27.11746
26.889763
30.178579
30.811167
30.148115
28.88356
27.369791
29.177418
29.130009
28.193111
28.555176
27.832983
26.612679
25.19142
23.718246
22.266365
20.870277
21.241589
20.753349
19.86758
19.667074
23.195597
24.162451
23.868593
23.826832
23.059059
21.966669
20.752649
19.518309
25.100145
26.993454
32.994537
36.538288
37.093742
36.196495
36.326466
35.248898
33.625202
31.790129
31.607914
33.073704
32.739853
31.552082
29.991446
29.997499
31.604239
32.232594
31.522896
31.04121
30.684134
30.398125
29.306814
27.86298
28.840322
28.404705
27.3041
27.615431
26.898367
27.406652
26.790741
25.654184
25.151628
24.120964
22.868984
21.54999
20.240211
21.521158
27.399847
29.363569
30.23369
31.399645
30.974308
31.49481
31.604853
34.059517
36.714882
38.53492
38.199799
38.536907
37.489475
37.506729
37.186405
38.410797
37.793503
39.704613
39.376549
37.983303
36.122158
35.791473
36.206272
35.269314
33.712482
34.452
33.726044
34.864208
34.316792
33.825359
32.52784
30.883879
29.125095
27.366364
25.662849
25.736113
27.508862
27.497066
30.870523
34.915649
35.762852
35.047493
36.149269
38.089252
37.825752
38.208954
37.194
35.539291
33.629276
33.353355
32.174156
30.598124
31.426144
30.837648
31.284081
30.516766
30.038967
29.715218
30.324032
29.664833
28.417313
29.471548
29.053047
27.940313
26.529062
31.805923
34.190731
34.263195
33.222805
34.225716
33.633389
33.141827
34.410896
33.940586
32.649605
31.85334
32.168102
31.309809
31.611824
32.46167
38.638393
40.392567
39.967537
42.751179
42.746582
41.402939
39.458313
41.528046
41.218956
39.776989
39.532959
38.175167
38.021816
39.300201
38.68092
42.260036
42.652927
43.19994
42.106998
40.260689
38.110489
35.88176
34.53368
32.802486
30.941605
29.076832
27.268694
25.544521
23.914766
22.381523
22.639534
22.053007
21.079237
25.040449
27.005636
27.102066
26.297869
25.086369
23.717239
22.315348
20.941742
20.473211
19.605696
18.573778
17.495274
16.428238
15.400199
14.423152
14.349654
13.864042
14.892532
19.161175
20.610128
20.659296
23.4282
24.022919
23.554691
22.590633
23.963867
23.871422
24.774714
25.279497
24.728657
25.384871
24.903442
25.587513
31.900309
38.173321
39.988338
39.60524
40.723557
41.679554
43.375969
44.526379
43.681618
42.753502
43.511276
44.206608
43.153301
41.293205
39.10397
40.218937
39.492336
38.752445
37.180962
40.349808
40.605556
39.454163
41.056625
43.083084
42.704426
42.87923
43.314384
42.16415
41.136902
39.352596
42.351059
42.462208
41.183056
39.276325
37.976372
36.160248
34.15321
32.117447
30.131765
28.232466
26.434263
28.983034
29.297699
28.529436
28.961948
28.26083
27.037214
26.449455
25.337126
26.552965
28.848877
29.894705
32.852501
33.242188
36.62817
37.105053
40.411694
44.125313
45.372688
44.547974
42.753868
43.095707
41.90749
40.021687
42.101982
41.779957
40.314186
38.345058
39.589561
38.944942
40.806786
40.420467
45.753689
48.576241
48.407578
46.807457
44.570038
46.338737
47.430878
50.709015
50.692211
49.093369
46.784821
44.207844
41.582821
39.017086
36.560337
35.929855
37.044708
36.417664
34.973663
36.576195
38.743282
41.961948
42.191059
41.825512
42.034199
40.815361
44.039497
48.448063
49.045162
49.489666
48.150112
45.995724
47.759541
47.107983
45.316711
43.03426
42.284332
43.142399
42.200665
42.12085
41.609112
41.754379
40.513847
38.646641
43.324226
50.150162
52.703297
52.275711
55.520256
55.336342
53.511471
51.804138
50.20681
47.864044
45.236805
42.555317
42.477158
44.500233
44.075459
45.033493
45.777225
44.697922
47.867252
50.43256
50.930466
49.571339
47.362953
44.815941
42.186203
41.296093
42.117855
41.190826
42.846569
42.297253
42.402859
41.122948
39.217705
37.071911
36.574715
36.036541
36.344006
38.744747
38.681984
37.43795
36.514
34.924366
34.761669
33.59267
31.977028
31.045952
29.624483
31.405701
33.820873
33.919544
34.599316
33.840046
32.413418
32.407837
31.388157
29.913391
28.266348
26.588238
27.493048
30.458477
30.926964
30.181448
29.724649
28.572451
29.667608
31.807816
33.534401
37.553349
40.00198
42.467979
44.016514
45.075802
44.170029
45.742496
45.062313
45.866688
46.510487
48.753754
48.301289
46.568169
44.274395
46.873711
47.499619
46.309654
45.981625
48.623138
50.91124
51.260952
49.820278
50.110115
48.676819
46.46085
43.938526
41.348183
41.351673
40.055676
39.024605
37.304745
35.308029
33.240978
31.205025
29.247894
27.390041
25.638163
25.688986
25.755648
24.979401
23.822699
22.519537
22.883736
22.340542
21.378576
20.245644
22.459766
22.818409
22.274591
21.314396
21.881136
24.860287
26.359449
27.100702
26.606291
26.382282
25.446781
25.047306
24.91782
24.073671
26.30637
26.553226
28.383711
31.7658
32.393383
33.375076
32.799225
31.493372
29.877857
28.164324
26.457468
26.5042
25.694897
24.499851
23.157034
21.785374
24.684912
26.151339
26.035011
25.162119
26.498453
30.550749
31.538382
36.11343
37.177559
40.763996
42.055759
41.356457
43.964745
48.079857
48.547562
47.248726
45.142174
42.713772
46.145767
46.346085
44.987904
44.620579
43.043907
46.87466
47.243607
48.48344
49.254307
48.078857
46.005531
44.414394
42.256386
39.893818
39.203949
37.642342
35.711021
35.359558
35.777924
34.856117
40.106731
41.370022
40.678577
39.06992
37.071209
34.94788
32.831329
30.784452
28.835274
26.994183
25.262789
26.183617
29.197826
29.729309
30.748432
32.818207
37.02446
37.88287
37.10635
44.90136
48.084675
56.588703
58.897404
59.854809
58.436333
58.466454
58.342957
56.452774
54.621777
52.028225
51.695015
50.761131
48.719635
51.300598
50.930408
49.154331
49.303936
52.918987
52.994663
51.367962
48.974667
46.288277
43.545387
45.951878
47.362495
48.250534
47.162895
47.705673
47.317707
48.191685
47.099136
46.793167
48.571392
47.901257
48.621387
47.441452
47.082779
48.826572
48.131901
47.984615
46.408047
45.891273
44.20295
47.943718
50.781067
58.185909
59.916561
58.867538
59.06155
57.301319
54.657677
51.67271
48.617458
46.472729
46.529423
47.64172
46.680912
46.451332
44.883366
48.660557
48.947754
51.79166
51.53231
49.790596
47.391548
48.145679
46.997028
47.515686
47.97052
50.077202
49.517578
48.543259
47.400349
45.363914
42.962223
42.157299
40.447723
40.902504
39.837395
42.317661
42.18095
43.336819
45.077225
45.346981
44.053501
42.049782
40.616207
41.198265
40.184994
38.437233
38.936802
37.954849
36.29216
34.35466
32.345974
31.21454
29.691557
28.028301
29.743464
32.179089
34.884315
35.088951
34.086094
35.079952
34.456451
33.075714
31.374569
29.572933
32.869965
35.118847
35.096935
33.985016
34.929672
35.135654
36.677193
36.266632
36.628159
41.591164
42.669731
41.848755
40.989571
41.835796
40.929375
41.754845
40.840969
39.120396
37.066357
34.916599
32.78833
33.282387
37.565643
38.44405
39.356358
38.55946
36.96669
35.890007
34.246609
32.382565
31.31946
29.825993
28.172709
26.494532
24.857063
23.290531
23.50403
22.868994
26.936729
29.741982
31.852821
31.867086
30.873911
29.428024
27.810076
27.008638
25.776157
24.375294
22.937523
23.223965
22.632732
21.638533
23.875559
25.897573
26.056065
27.859718
27.851757
26.973907
27.402596
26.74856
27.291836
26.696329
25.572527
24.230263
22.825201
23.979254
23.781059
22.939585
21.815556
20.591072
19.356779
21.550102
21.927294
21.420359
20.504684
19.421421
21.685249
22.092073
21.594208
22.374216
22.895142
22.426851
25.740162
26.523798
28.613049
28.718597
28.716482
27.814312
31.598534
32.424522
38.590939
42.038475
42.375114
43.752254
43.040668
44.74184
44.154865
42.487301
42.89827
42.597851
41.965191
40.344425
38.299885
36.964386
37.70816
36.882061
39.569901
39.61911
38.399467
40.002232
41.213551
42.198788
41.347778
39.641495
40.971558
40.324673
38.748508
36.775505
38.91581
38.722572
38.263012
44.477139
46.066082
45.38364
43.631668
41.420971
40.756123
40.006214
40.93578
42.642864
42.124599
40.553734
47.859043
49.865936
51.810215
51.118191
53.423649
55.399693
56.307076
61.76313
63.2939
62.042881
59.495052
56.404274
53.149742
51.615459
56.045975
56.415199
54.822159
59.123844
59.334579
59.270622
59.076675
57.129673
54.401695
51.384258
50.019245
47.793953
46.07373
43.801662
41.335812
38.854271
36.443089
34.14135
33.661228
32.374287
31.588612
33.613571
33.53133
32.439587
31.745615
32.112888
31.281544
29.90061
29.99581
29.100229
28.605278
29.166687
31.914654
33.081394
32.603642
34.744652
34.682648
33.564487
33.670933
32.665432
32.854206
33.610661
32.919262
32.402523
32.834309
32.859722
31.840736
30.352118
28.684647
28.680391
28.62672
30.24781
30.077208
29.899803
30.573109
31.633881
31.150671
31.637836
35.969391
36.921101
36.219593
36.442825
35.406437
36.342751
35.651989
34.20142
32.431412
30.563536
28.70726
26.914825
28.602882
30.212881
31.734852
31.469984
30.3552
31.412388
33.479599
34.27026
33.574581
32.186829
30.510225
29.5959
29.076387
29.611208
28.93886
27.707779
26.24699
24.721706
24.061705
22.989618
23.450047
25.480505
28.201336
31.168381
32.46376
32.067192
30.870399
29.326832
27.66514
30.240858
30.528992
29.709352
29.231749
28.08503
30.894924
31.275
30.476109
29.136028
27.578043
25.964312
24.374439
23.694319
23.47249
22.629353
21.51425
20.303524
23.326857
24.046951
28.728598
31.772478
36.479412
40.140633
40.639454
44.694149
46.935879
46.539654
44.88892
42.687386
40.29039
40.419941
39.213741
37.403812
35.360722
36.663372
36.138481
37.297535
38.380566
37.696327
38.729923
40.556187
40.160633
39.558781
38.028282
36.099819
36.585911
35.671276
37.506168
38.907291
40.056103
39.350868
37.777264
35.835968
39.717781
41.184246
42.29298
44.891907
44.731422
43.250645
41.182121
41.441467
41.962353
40.895714
39.100037
37.010567
37.390743
38.945171
38.469635
37.034008
35.182304
35.734055
34.877689
33.371872
31.601353
31.456083
30.399181
28.937588
27.327469
25.696558
26.652027
26.274586
25.268766
23.992704
27.717291
29.484816
29.408504
28.448967
32.185753
32.970512
32.31279
30.982866
30.220219
33.147564
33.513374
32.637394
31.192448
29.519588
27.78973
31.177206
33.522644
34.445599
33.807953
37.531155
38.141674
41.479961
41.781658
41.463825
40.009972
38.056122
35.923428
33.771755
35.072113
34.596088
33.281757
31.606075
31.506195
33.014721
37.793644
38.90295
38.214958
36.685272
34.799332
32.801464
30.812515
32.28389
36.219494
36.973179
36.1749
36.353088
37.843052
37.371147
37.668537
36.629276
35.82906
38.562347
43.755432
44.876614
44.006817
42.208088
41.716393
40.171112
38.168289
36.008572
33.841244
31.738293
29.732248
27.835699
26.051264
27.770264
27.724447
26.832411
25.561934
24.149548
25.258541
24.998543
24.937588
24.125734
22.978699
21.706676
20.414534
23.395287
24.092779
23.671741
22.72666
24.104736
24.010199
23.21134
22.099222
20.871572
19.626957
18.413244
17.252459
17.850327
17.577324
17.742994
19.810972
20.182545
19.727657
18.890108
17.89502
16.855511
15.827281
14.83674
13.895388
13.007193
17.262806
22.158672
23.814831
23.862949
28.227612
34.528572
36.471397
36.260052
35.020641
35.871552
36.851357
36.165543
35.549622
34.138195
34.085785
35.53616
35.117611
33.814556
32.127541
30.309065
28.484503
27.562681
26.254976
24.802967
23.327213
27.825163
29.11237
32.21064
32.68795
35.285023
35.425114
34.380726
32.800194
31.011742
29.179556
27.38386
27.358831
27.33666
26.468159
25.220404
23.829662
22.413876
23.575695
23.39389
22.572441
23.16634
23.573006
28.11899
29.420036
32.515312
32.981613
32.170578
33.316685
34.518448
35.709236
36.857384
37.949009
37.28244
35.792313
33.953392
34.54985
35.448921
36.465115
35.808872
37.763561
39.214149
41.225479
40.897839
39.45705
37.526814
35.422077
38.389965
40.307552
39.963665
38.544399
36.653149
34.594547
32.52018
30.503325
28.577379
26.755552
25.04089
23.431526
21.92322
21.359203
23.811625
24.2423
28.778807
32.599796
37.654015
41.445171
44.510685
44.586254
43.223392
41.21241
38.953209
38.342522
39.391178
43.749104
44.469349
43.419777
41.553097
39.352528
37.909061
36.026131
33.991192
36.189129
38.654354
38.625404
37.399368
39.030468
40.285866
39.624626
38.063553
36.119293
37.445583
36.90752
35.490887
33.69672
31.777533
32.403721
35.081211
35.266335
34.248558
34.381752
41.00238
42.895611
43.30722
42.145885
40.265503
38.09877
35.862488
33.662979
31.550163
29.545279
27.655155
26.727863
25.443741
26.573713
26.282526
27.014702
26.518602
25.448147
24.135403
22.74749
21.367022
20.033457
23.006264
23.712154
23.307087
24.926321
28.315437
39.235481
43.24918
45.516571
47.72245
48.132751
46.819363
44.719288
44.004066
43.976437
42.583145
40.577618
38.340996
37.760323
38.841686
42.384159
46.149166
49.054489
48.910572
52.396961
52.427219
52.49332
53.42297
52.19302
49.964382
49.871208
56.745441
58.266449
57.168514
55.695553
55.785484
57.471676
56.478024
60.167225
60.899471
59.340046
56.728893
53.694523
50.55209
47.456398
44.48027
41.654984
38.990791
41.577999
42.364273
41.412495
39.655773
37.567562
35.385681
34.924049
33.606377
33.615681
32.565254
31.038786
34.421982
42.602352
45.194515
45.869678
45.60294
46.588947
45.600502
43.694756
43.953407
43.546745
41.984879
41.613976
40.12991
38.157795
36.013134
33.852913
31.752998
31.444767
30.309927
29.662106
28.420118
27.78014
32.539776
33.804714
34.199837
35.013195
34.305092
40.524052
45.63295
48.351585
50.685234
52.760746
52.101906
50.150459
47.639374
46.635094
44.689278
42.352303
41.597553
40.77808
39.104813
37.073982
36.631931
35.270065
36.054337
36.147995
36.755413
37.590534
36.812008
35.282883
33.441204
34.052418
36.670986
37.626312
36.904411
35.399559
34.414295
37.10313
38.927017
39.42989
38.434055
36.749641
36.484177
35.211739
33.495609
31.620201
29.727156
27.885044
26.125187
24.460098
38.163956
45.245167
49.771683
50.383865
49.096806
46.937912
46.973213
45.516098
43.387886
41.004135
41.966049
42.807922
43.565689
45.107746
44.432835
43.562721
41.777763
40.457787
38.554184
39.823605
39.183613
37.64658
35.726948
34.532185
32.874664
32.743717
32.501682
31.365477
32.38068
31.85214
30.598722
31.581667
31.062716
29.838678
28.314388
27.542126
26.3069
24.888073
23.425577
23.684822
23.066069
22.045046
20.862839
19.640316
19.285208
18.509443
17.555998
16.547121
17.240084
17.031904
20.639429
28.511669
31.39801
31.799028
31.842154
35.105618
35.571426
35.527279
34.391182
33.614677
33.883652
32.949535
31.466873
36.554474
37.850952
38.982666
40.848099
40.462215
39.00713
40.477753
43.307457
44.15596
45.723015
45.889236
46.225826
45.785263
44.136864
43.656868
42.056305
42.512978
45.640224
45.710003
44.309082
45.639366
44.846066
44.754517
43.306099
42.099827
43.592899
44.638836
45.437187
44.39476
42.500927
41.954376
40.37529
38.3498
40.415504
40.139389
40.443951
41.017845
40.854702
39.494282
37.601486
35.512375
33.394558
31.329382
29.354328
27.48452
30.814344
31.446686
35.005573
44.948807
48.314056
48.414257
46.943077
44.763344
42.311661
39.806324
37.353828
35.003674
32.776413
31.526497
29.936819
30.779037
30.217667
29.848167
28.734037
27.297209
25.750467
25.047863
23.924381
22.633987
21.303926
19.996542
22.983076
23.696304
23.295244
23.21999
22.455168
21.383152
20.197227
18.993805
17.819748
16.696636
15.633242
17.177097
17.379585
19.476643
21.569477
24.442999
25.056116
24.564314
23.55724
29.969877
36.351433
41.669365
42.915974
45.561546
47.099281
46.359818
44.549828
42.282452
42.411743
44.53653
44.159454
42.592571
44.745377
44.375221
44.501698
43.165928
42.018127
40.14827
41.383877
40.678665
39.0634
37.06171
34.937271
32.820507
30.77387
31.370335
30.67238
31.919819
31.517294
32.8801
35.048046
34.989483
34.711739
36.034248
38.083836
37.873165
39.128681
38.503799
39.540573
42.191311
44.685669
44.481426
42.987434
40.920891
39.492554
41.809212
41.609871
40.208385
38.273426
36.143009
33.985554
31.882788
31.569117
30.427769
28.924713
27.295107
28.20104
27.751196
27.512648
29.928303
30.149364
29.309423
27.986229
26.47245
26.611439
29.2367
30.428537
30.046108
28.919537
27.470915
29.306658
29.268705
32.57399
33.139332
34.067711
33.444527
32.095692
31.28903
29.919701
28.323078
30.061014
32.497608
32.648087
31.695837
30.243809
28.597311
26.909077
27.798958
27.354015
26.281904
24.942204
26.061228
28.326065
36.160576
38.78878
38.83387
37.636871
40.122868
40.057793
40.466297
42.786209
42.5578
41.112568
41.673466
40.635113
38.861187
36.789658
34.640194
32.520748
30.482222
31.091743
30.408802
29.126509
29.2934
29.3027
28.387606
32.996063
35.870865
36.125977
35.963234
38.150101
38.003258
38.436954
37.439072
35.784878
35.564209
36.038963
35.136044
37.841763
41.347416
41.733665
46.54834
47.400108
48.018551
46.808701
45.607094
46.143963
51.740955
52.805538
51.659771
49.488277
49.437527
47.861732
47.299702
45.545475
45.81881
44.512241
42.48785
40.182201
37.813805
38.034832
40.341019
40.18272
38.845726
39.529739
38.617764
36.967888
35.015331
32.978691
30.965576
29.02692
28.033281
26.676306
25.187414
23.681879
22.215591
20.814182
19.487898
18.23933
17.067261
15.968719
16.63677
18.980751
22.056137
22.841122
22.501373
26.722469
27.911304
27.606413
29.138861
28.960487
27.966
26.610735
25.12471
23.622528
22.159725
22.458523
21.897263
20.940521
19.823856
18.665424
18.371679
17.654068
16.755388
15.797944
18.23592
18.834631
18.531143
19.500641
19.354345
19.525118
18.994425
20.688658
20.853172
20.277788
19.365097
25.106224
27.07585
27.172209
26.365788
26.847874
26.236908
25.120108
23.795404
22.412411
22.741636
25.579697
26.140106
25.58898
25.369656
24.468172
23.267353
24.505638
26.028172
25.942665
25.087484
23.889456
22.564352
21.219814
20.756516
20.731028
20.068218
19.120104
20.609907
24.072302
24.979906
29.722332
32.764221
33.197071
32.363209
30.947104
29.295795
30.976912
32.509075
32.224815
32.773823
33.705841
33.09576
31.764149
30.127769
30.09317
32.525787
32.673485
31.719109
32.810516
34.0019
35.203918
36.373299
36.641918
35.621075
34.012924
32.173172
30.279882
28.420305
33.422493
34.776211
37.728718
38.811241
38.113235
36.58194
34.698463
32.704945
34.963131
34.950565
33.847744
32.255859
30.47905
28.669163
27.748596
29.829256
29.892534
30.681664
31.794662
33.02829
32.584335
31.348558
32.316471
31.767231
30.506523
33.185692
33.431091
32.499844
31.032684
29.354158
30.171993
29.617952
28.422409
30.349846
31.171604
30.588079
29.347933
27.83131
26.229477
25.485405
24.328259
25.554222
25.341148
24.443567
23.24538
26.182423
29.316673
29.902069
29.244873
28.011488
26.540047
25.84885
34.038097
38.600098
40.42831
42.582935
44.826702
47.042889
48.327869
47.428471
45.508133
53.338478
58.819229
60.454231
60.190792
58.175411
55.381817
57.392471
58.253975
56.839672
55.225079
56.110157
55.62286
53.64328
51.009106
51.536774
50.172924
55.578976
56.431404
57.615143
58.072464
56.469723
58.169861
59.706177
60.267239
58.645481
56.026146
53.858315
53.67215
52.746845
50.647137
49.746078
47.752216
45.296028
42.694851
42.650883
42.988144
45.19471
44.836273
43.257092
41.141151
38.833786
36.506901
38.485649
38.22834
36.905109
36.808212
35.606586
35.608864
34.492504
36.267509
41.920723
43.320469
46.875347
52.202164
53.12249
53.59428
52.139046
49.80389
47.119408
47.744972
46.547134
44.511112
42.136372
39.6735
37.24556
36.607391
36.8489
36.656929
35.414398
33.706249
37.766876
38.532055
39.387199
42.803902
43.101723
41.892197
39.996616
37.83102
36.452099
34.645866
33.539505
31.955612
30.192041
31.791138
31.561546
32.157631
36.525185
40.021961
40.445534
39.379753
37.632061
35.611702
33.523777
34.014122
33.182232
32.589767
34.676105
34.590012
35.159981
34.330379
41.338593
47.649418
49.185249
51.773022
52.239662
54.218033
58.557243
60.500584
63.777409
63.349861
65.398537
64.330223
61.798355
58.642986
57.832355
55.628151
53.672184
58.684044
60.098076
61.436489
60.151398
60.191727
58.322227
57.290871
54.99765
52.170311
49.175156
46.193386
43.311638
40.56834
42.219643
42.536259
41.3535
39.487686
37.352352
38.548187
37.912861
36.417957
39.647518
39.954506
38.848133
37.09763
35.092697
34.725258
35.155857
35.956249
36.060734
37.524479
37.04998
35.659389
33.87244
31.951216
34.267761
34.305046
33.246437
38.481861
39.788849
39.168007
37.640648
38.271042
37.372864
36.617023
35.104927
36.670616
37.12027
37.019756
35.80975
34.10482
32.215683
30.297358
28.425213
30.875996
31.084202
31.905531
32.995594
43.51292
47.198967
47.488224
47.83374
46.498592
52.033745
53.059429
51.88699
49.695595
50.477165
54.358929
56.214256
55.341362
53.185432
51.329281
53.068989
52.239231
50.201351
50.192383
48.612957
46.328835
43.777901
44.57246
43.555363
45.942032
45.646652
44.072327
44.478306
43.277542
41.342705
39.116009
36.819004
37.105518
36.078728
36.998558
37.976093
37.253864
35.737923
35.585094
34.394997
36.986038
37.069847
35.946835
35.976181
34.861282
33.231812
31.406315
29.543953
28.570724
27.206696
30.788174
31.542198
32.611332
32.101467
31.697586
30.508892
30.677359
31.49238
30.895561
29.639366
33.196316
33.86298
35.665718
36.26075
41.347466
44.189892
44.168381
43.620419
42.836761
44.509682
44.764847
52.815029
58.417774
59.27557
57.827457
55.317219
52.37561
49.319138
46.303402
44.250267
41.875511
39.420792
38.70153
37.989952
37.304405
41.743282
42.56535
41.624424
42.411476
41.45858
42.245083
42.993938
42.852825
41.440262
39.461372
37.272549
37.596798
37.421085
36.162384
34.423
35.052525
41.890518
43.860245
43.429947
46.102394
45.939236
44.41922
42.295242
39.947803
40.960304
45.251633
45.892735
47.30571
47.348236
45.88282
43.739117
41.336914
38.885914
36.488377
34.191792
33.712563
34.969631
37.86964
38.074104
36.977528
35.290432
37.614655
41.792587
42.487797
43.185177
43.013336
45.822983
45.734489
44.25679
43.855019
42.285816
40.205143
37.944096
37.364182
37.609901
36.547691
34.890579
32.99976
34.449612
38.306927
38.9575
38.047436
36.416359
37.883739
37.399712
37.690392
38.344009
38.303078
37.081429
35.331009
34.229927
36.0205
35.75016
34.498428
32.814621
33.521301
32.8088
31.436998
29.791594
28.066383
26.357006
28.950869
31.833412
32.218937
31.393034
31.707998
32.56105
31.948967
32.349186
38.313469
39.975815
41.21656
43.064281
42.60033
41.040634
43.245605
43.795979
42.685955
40.813271
38.633045
37.221909
38.769669
38.296432
41.109344
41.170341
39.907673
38.048836
35.962017
33.831184
35.139671
34.665405
33.349785
33.368137
32.329807
30.816549
30.819462
29.85372
28.453012
26.887356
28.685211
28.648548
27.731915
26.421398
24.962805
23.478878
27.119755
28.017424
27.569366
28.185797
27.59737
27.297113
26.296276
26.687164
26.037434
24.908276
28.674692
30.432272
31.169859
30.545967
30.136143
32.387199
34.148846
33.923336
32.750465
31.159391
30.26576
34.825565
38.46801
40.707123
40.505135
39.137035
39.796955
38.865044
37.197803
38.623318
40.641144
41.183361
40.151394
40.092545
40.502922
41.974216
41.363663
39.772396
37.759987
37.305275
35.916172
38.363884
38.335636
37.119064
35.369873
33.419785
33.131195
31.952883
31.232618
29.906572
30.027948
29.143934
27.804768
27.985806
29.739737
29.648893
28.674833
29.00395
28.251841
27.004023
25.557272
24.060368
24.283148
23.628128
25.117239
26.741064
26.68182
25.816065
24.590096
27.4716
28.8419
28.594976
27.579025
28.770805
29.288752
29.46682
28.62763
27.326202
25.843584
27.714087
27.742783
26.885967
29.024326
30.837376
34.13409
34.646336
38.047134
38.486595
37.489906
37.531521
38.918926
42.605984
43.888275
43.975296
42.637104
40.656342
38.429131
36.153442
34.774277
33.868996
34.916542
34.323952
32.962208
33.818974
34.01759
33.045475
31.541552
32.374607
31.758772
32.163158
33.044868
34.128181
37.819504
38.405647
40.027172
39.5499
38.079529
37.02673
36.207516
38.071415
37.771923
38.139557
37.11927
35.464375
33.556599
32.435635
30.879364
29.162842
32.513634
33.102734
32.346851
30.968729
29.334969
27.629707
25.9436
24.319609
22.776424
21.320467
19.95211
18.668758
17.466505
18.037737
19.44286
19.50761
18.926533
18.053505
17.06764
18.603731
22.99971
24.389368
24.29146
25.17893
24.815062
23.861555
22.654781
21.364223
20.922331
20.053514
19.00692
17.90777
22.756678
26.916719
28.070118
31.136822
31.632681
35.120163
39.08672
40.613674
40.072594
38.55518
36.616428
37.929783
38.218708
43.096947
44.087551
43.179817
41.388821
39.229736
36.961651
36.40918
35.001255
34.92345
34.638538
38.505096
39.153896
38.236816
36.596424
36.356892
35.949322
34.62542
32.902969
31.043127
34.266071
36.435558
37.182579
36.374546
34.844963
35.562019
34.790462
34.176498
32.809109
31.122763
31.881325
34.638802
34.876225
33.895802
34.90641
34.29641
33.775551
33.313881
32.046696
30.432407
28.702036
29.51543
28.979881
27.813232
26.380072
24.863873
23.355389
21.897919
21.359116
20.430048
23.5847
24.359777
25.664412
25.485659
24.600029
26.796284
27.858656
27.494675
26.457043
25.128408
25.398502
24.73119
23.634586
24.063
23.513638
23.360296
24.250366
23.91687
23.006155
21.846766
20.60433
21.057796
20.614775
19.755075
18.722219
17.638613
18.261425
17.987499
17.29147
24.050121
29.935246
31.822481
31.730312
30.690296
29.227684
27.607969
26.81205
25.588371
27.59123
29.384188
29.323223
29.222157
36.740589
40.89558
44.153072
46.028896
45.485416
43.796997
41.61166
40.104591
40.667404
39.661556
37.933788
40.15554
42.507729
42.303547
42.574749
42.21735
40.72089
38.724239
38.246826
36.817295
34.975315
35.538231
34.693378
33.198868
31.439224
29.607452
27.79854
26.057344
27.796944
27.760168
26.871363
25.601206
24.18775
26.991823
35.127201
38.780735
42.71217
50.047291
54.545044
54.993664
53.483376
55.321594
57.862061
57.266449
56.880085
59.999977
59.615589
58.40855
55.995899
53.079838
50.013546
49.516518
51.1175
50.282333
48.30328
45.836899
43.213886
45.688339
45.443077
46.444405
45.467876
46.117195
44.981869
43.873363
44.509357
43.418072
41.531422
41.867134
40.714539
38.883278
36.783501
34.62067
35.0406
34.142689
33.488384
37.213593
40.380241
40.634018
39.480759
38.536289
41.963753
42.29311
41.124096
39.272079
37.15015
34.965145
37.060436
36.903816
37.367306
36.417294
36.514977
35.416016
38.018787
40.621033
40.596169
39.310272
42.549442
42.769981
41.533741
39.636589
37.481525
35.270233
33.101303
31.020803
29.048059
27.188976
26.291225
25.034975
24.494371
23.466051
22.23575
22.64385
22.129269
24.581274
30.078005
41.106636
50.204178
53.846699
56.451645
55.931313
54.774578
52.500122
49.760155
46.882603
44.029278
41.277103
38.659904
36.189651
33.867519
31.68936
32.193943
31.426001
30.070982
28.476492
28.513826
29.333754
30.503847
34.350613
36.817051
36.84634
39.097736
39.80056
38.889133
37.23098
36.114609
34.445091
36.804295
38.479263
38.076221
36.687771
34.869595
32.902054
30.924526
29.004274
28.86857
27.897463
28.252378
33.475056
34.933064
40.475895
41.867985
41.222717
39.619186
40.999321
41.223976
40.038231
42.454269
44.827637
47.106041
48.418926
47.530079
50.701996
50.634392
49.01297
46.696095
44.966316
43.572803
44.081314
51.426231
53.34021
52.585651
53.118217
51.707104
49.406719
46.751389
44.008881
46.401012
46.093842
44.499825
43.186146
42.896759
42.26001
40.628002
41.114384
44.299789
44.439579
46.505745
46.038734
46.066467
46.330978
45.004101
45.499714
44.309902
43.196346
44.699554
44.018829
44.855713
43.850037
41.990955
39.780289
37.470146
35.184723
32.982872
32.587067
31.374336
29.807299
29.816051
28.884604
30.924381
33.478859
36.200382
36.371525
38.70594
42.006157
44.818256
44.762474
45.027779
45.438988
44.210575
42.233147
42.503273
41.299213
41.970074
43.520432
42.899349
41.254799
39.170284
36.93988
36.406189
35.007393
33.236954
34.737198
36.91288
36.799496
35.590233
37.286144
39.475834
39.288746
37.965942
36.139198
34.127724
32.090611
30.953531
29.436039
30.328632
34.896008
37.691456
37.85133
36.740295
37.598907
41.073414
41.453304
42.8801
43.068192
42.655376
41.118557
45.028847
45.493908
45.138039
43.550625
41.421516
41.644238
44.686356
44.745209
45.914528
45.035267
44.896523
50.208172
51.183804
54.288197
56.620819
58.509552
57.580654
55.32753
55.902695
54.424671
52.006866
49.213512
49.7211
49.252979
48.330914
46.371353
43.974991
43.989197
46.857609
46.764877
45.252796
44.803257
43.181339
41.047253
38.734127
36.407589
34.147644
31.990578
29.950624
28.030945
26.229256
25.389194
24.188969
27.095407
27.641113
27.035795
25.896648
24.536846
25.65893
25.392664
24.467911
23.255939
23.640808
25.628988
25.779655
25.043022
26.448542
29.687231
32.856377
38.437843
45.00285
46.743816
46.961521
45.592377
43.50404
41.135773
38.707409
36.326363
37.436371
36.794712
35.33186
36.914089
39.060837
43.108154
43.699318
42.611919
40.75243
40.277245
38.785057
37.699642
39.388847
38.964111
37.537365
35.674126
35.356514
35.791218
34.876846
33.343189
34.953835
38.024132
38.305573
39.783878
43.487442
46.4468
48.107437
47.395393
47.262871
45.716064
44.386879
42.355553
40.050735
37.686871
35.368843
33.145561
35.279572
36.89423
38.208767
38.489517
38.264912
39.501446
39.70414
41.949139
41.711018
40.287701
39.18821
37.430321
37.108219
35.788994
34.032257
32.120522
30.194323
30.866831
30.221199
34.053127
34.824982
34.102879
32.685844
30.979525
30.884584
33.263401
36.755718
37.279663
38.058205
37.237854
35.675274
33.805222
34.391369
33.593662
33.004723
34.231304
33.746235
32.454243
32.512047
33.216339
32.512257
33.699009
33.211494
32.783524
31.549175
29.966269
29.11401
27.791018
26.283482
24.734591
23.214451
21.755816
20.372513
20.765593
20.302734
20.291698
19.64962
25.511797
27.526852
29.327662
29.272266
30.872246
30.67193
29.613199
28.175379
30.842627
33.701038
34.016369
33.100342
32.470043
35.390366
35.682411
38.096531
38.06052
36.84885
35.110516
35.718971
34.89032
33.397411
31.632309
29.791859
28.821379
27.4508
28.476273
28.075191
29.546717
29.326288
29.996923
31.92289
31.846165
33.355141
33.033188
34.387135
34.806736
35.612797
37.427589
37.124718
37.511013
39.913025
44.056213
44.663681
43.553833
41.653996
41.979542
41.666946
40.20924
38.247288
36.104706
35.639404
34.297504
33.425083
31.95714
30.249229
28.479649
29.281183
28.747292
31.830738
32.312847
32.378799
33.939587
33.624176
36.659527
40.360588
40.871677
39.834541
42.328354
43.89463
43.26947
43.308128
48.754845
49.84095
48.798542
46.766529
49.413349
49.133961
47.457909
50.254013
50.019951
50.034641
48.47155
47.048107
44.887978
43.290226
41.164318
38.851448
36.521358
34.256123
38.88031
39.881229
39.110458
37.51292
37.265213
38.522007
38.76519
39.362297
40.959057
40.440632
40.619381
47.066154
51.230759
53.32016
52.650471
50.676594
49.835014
48.715336
49.194004
47.880138
45.746552
43.286186
40.746086
38.247406
35.847034
33.569199
31.421698
31.100988
29.970968
28.487688
26.881277
25.26615
27.939512
28.346766
29.349628
28.910265
27.792009
28.079565
27.336496
26.121746
32.354183
34.332333
34.205044
35.615734
37.720837
39.244991
40.442272
41.445026
40.626072
40.654613
39.39254
37.550182
35.486904
33.38229
36.414261
36.727787
35.725834
34.97187
33.512264
31.759571
29.921076
28.099083
26.342188
25.520094
28.566381
30.829895
32.646385
35.039577
37.634659
37.700077
36.548431
36.545132
37.093525
36.19289
36.321323
42.030418
43.453564
42.773479
42.801338
41.471565
39.531448
38.207462
38.917728
40.582794
40.109032
38.622795
36.696911
34.620296
33.384872
31.74382
29.959467
28.162268
26.415298
24.747274
24.017912
27.155899
27.810894
29.797962
29.817266
37.374851
39.831917
39.762085
38.480766
40.05138
42.094074
41.754246
40.280716
41.702526
41.076748
39.487152
37.484505
36.194714
36.136177
36.670876
37.473717
36.683353
35.152584
33.314205
31.385788
31.171431
30.090279
28.62673
27.873837
26.637503
26.056164
28.352882
30.263058
30.230835
29.266678
28.733566
30.121017
29.842178
28.77178
27.354759
26.664139
26.344074
26.212032
28.719662
29.871214
32.032124
32.064823
31.074295
29.623384
28.845282
27.56637
26.087034
24.557852
25.597927
26.142588
26.432215
25.741838
30.541245
31.888004
32.382572
32.45232
32.315823
31.236156
32.282551
34.317284
38.459667
39.242363
38.386822
38.468086
37.299931
35.56834
35.317284
34.088383
32.428429
30.613478
32.174679
32.763245
32.017788
30.654987
29.038425
27.350725
25.681818
26.619513
27.082939
26.455627
29.566114
30.132284
37.094227
39.274033
39.088539
37.7728
36.803879
35.183563
34.998013
33.810608
33.027679
31.615181
29.944628
30.747757
31.017002
34.414982
34.967064
34.134926
34.36084
35.087875
34.335968
32.897327
31.173979
31.91316
40.599129
43.497013
43.52388
42.170952
40.197769
37.988567
35.735363
33.531715
31.421028
31.966421
31.225241
29.889355
28.309753
26.662674
25.034864
23.467409
21.978098
20.573082
27.736637
32.852135
34.278183
36.432648
39.717735
40.049183
41.496803
44.283497
44.232265
45.364807
44.48518
42.666698
40.454323
38.122208
40.047768
42.261074
40.20108
39.816696
39.230995
37.718563
38.353683
37.455147
35.848186
35.648193
36.130264
35.227989
33.689129
32.741203
32.106838
30.794615
29.19796
27.514822
26.691351
25.458233
24.067038
25.188797
25.785522
28.656559
33.378254
34.598667
34.947495
36.563545
37.040722
36.10754
38.768234
38.82959
37.640537
42.675419
43.754501
42.899708
41.142914
39.007992
36.758472
34.52449
32.368069
30.316584
30.076677
29.017612
27.598326
26.05056
26.186474
25.429985
24.268614
24.64603
24.053879
23.863033
25.567715
25.584131
27.334366
27.317232
26.451746
28.599562
29.582081
29.974081
29.221727
29.640162
31.456196
32.189705
32.380276
31.455669
31.721266
30.853374
33.7103
34.024635
33.107887
33.32539
35.777679
35.832771
36.431568
35.575897
34.0485
32.246403
32.065716
30.972673
33.717728
39.068474
42.957668
43.477612
45.75655
48.808849
48.74321
47.182053
44.951595
42.46965
41.641617
39.937153
38.7136
37.759453
36.116234
34.193615
32.197147
37.863438
41.942005
42.58474
44.10231
45.144028
44.227703
44.944855
43.87888
41.989914
39.764965
37.448425
39.402599
39.10471
39.431271
38.350712
38.325031
37.110012
35.361877
34.260941
32.657013
31.710205
31.108765
32.388855
31.987284
30.790598
31.79479
31.27936
30.050205
28.516827
26.885443
27.803385
29.916967
29.993313
29.088743
31.135048
31.140837
31.014791
29.980951
29.391975
29.035114
27.952568
26.555433
25.051029
31.177938
33.142323
36.439377
38.576279
38.39204
39.643974
41.546425
41.15638
39.677528
37.72208
35.599121
33.462315
32.234299
31.481331
30.980137
29.767233
29.947334
30.790861
34.471752
35.157944
38.626228
39.079933
43.161869
51.403576
53.749001
53.188828
51.250641
48.711407
47.659981
47.356155
46.572533
44.734642
44.993279
43.705547
43.412327
43.605961
42.330547
40.389587
38.189838
42.722073
48.648659
49.968563
49.034454
49.592236
48.303883
46.169239
43.695122
41.135582
40.312126
42.045181
41.558174
42.565285
41.713284
42.54023
41.602467
41.54332
40.21122
38.309555
36.193947
36.587223
36.476353
35.278427
33.595985
33.430412
32.301815
30.746063
30.730776
29.759066
29.206879
29.721912
29.036572
27.796204
28.024965
28.952188
28.488985
27.37248
25.977245
25.340315
30.177975
31.554514
32.073853
31.316778
29.970394
28.383217
29.275389
34.723991
36.25132
35.84729
36.225098
35.269783
33.704121
31.894459
30.024387
28.183979
26.415565
25.585644
24.384113
28.980614
30.278887
29.952272
32.249065
32.340206
32.217503
31.147549
29.656208
28.009256
26.339237
24.710573
23.152876
21.678127
20.28952
18.985855
17.763901
16.619539
15.548347
15.394323
14.837257
14.104082
14.157732
16.284418
20.188456
21.430044
21.353888
20.647198
19.659834
18.568653
17.46184
18.079067
18.656578
18.348495
19.321524
19.182543
18.513819
21.853647
22.77198
25.043661
26.197256
28.474436
30.371422
30.32946
29.357525
27.969433
32.363804
33.458836
32.934814
31.649578
31.735876
37.568615
39.19117
40.437424
39.767036
42.439098
44.935932
47.270218
50.301598
50.179058
48.545525
46.237518
44.526379
44.004028
43.220634
43.184849
48.59967
49.67532
48.633099
46.60635
44.170341
41.614178
39.080536
40.030819
40.079445
41.390259
40.720951
42.515236
42.042847
40.496601
38.483105
36.308353
34.124424
32.004608
30.830494
29.299063
29.340889
28.440208
27.115122
25.627769
24.109163
22.623184
21.199526
25.78927
27.18445
27.001478
30.30827
32.64222
34.435684
34.216457
37.279404
37.580696
36.54607
37.447483
41.795696
45.117764
48.691124
48.879429
47.435989
45.254105
44.482796
42.716404
43.921124
43.121452
41.384159
39.251045
40.388359
39.667183
38.076
37.813667
42.43985
43.330002
42.397797
44.013161
45.953053
47.987919
48.307766
46.945438
45.666298
45.315666
45.421986
44.047665
42.005306
39.706173
37.355846
35.903103
34.078671
32.981354
31.419313
29.683077
28.766066
27.422911
30.159224
30.52705
37.381344
39.500439
39.278694
39.636345
38.564308
36.839207
34.854572
32.807568
30.794844
28.861731
27.027533
30.388817
31.04961
30.392618
29.123302
27.59973
26.001827
26.963589
31.669771
32.936356
32.511108
33.831821
35.949692
37.535576
37.967777
37.832287
37.428394
36.059841
36.816124
39.417645
42.823784
43.115921
44.448391
47.087158
48.57373
48.611809
50.498226
52.36478
51.618027
50.487911
50.905937
52.902847
52.201828
50.226955
47.702236
44.992626
42.279293
39.649277
37.141815
37.31712
36.23027
35.419712
33.918861
32.981991
32.34539
31.024601
29.41662
28.569565
30.659779
32.398388
34.761951
36.503098
37.042282
37.835613
37.029346
38.025265
40.70393
42.409966
41.89851
40.338039
40.867867
44.081871
46.787422
47.467079
46.30394
44.292217
41.936028
39.488346
40.467121
39.667305
38.038357
36.062271
36.52668
35.603474
34.891186
34.30254
32.943352
38.043945
40.996696
41.128414
39.901005
38.059345
35.980431
33.852814
31.768562
31.46735
32.031998
32.994797
32.421822
32.825985
31.989986
30.58457
28.949759
27.256062
29.829262
30.977505
30.556892
29.395954
31.309481
32.094429
33.161083
32.632771
31.354959
30.605669
31.83054
33.965164
33.92458
32.840485
35.531219
39.950588
46.758327
51.106014
51.590439
50.20414
50.508053
49.917419
48.067234
49.063808
48.002769
47.683575
46.03389
44.64534
45.970989
49.407085
53.74902
54.147728
52.640041
50.263981
52.635784
52.971622
53.167397
51.592999
52.611328
51.449451
49.276852
46.686947
44.826336
42.525948
42.631775
48.131931
49.263275
48.260735
46.264709
46.399368
47.553177
46.615097
44.701687
44.925079
44.470959
42.857311
40.737358
38.440727
38.676533
40.969677
47.572632
51.796341
53.048027
54.529694
54.378544
52.599472
50.942749
48.548367
47.571613
45.609646
43.236012
42.435921
40.719967
38.617931
37.24485
39.658562
39.573322
44.229343
45.926105
45.299835
44.42588
42.611969
43.797119
44.688766
43.71463
42.723331
40.906506
39.598576
39.424519
38.103722
36.273602
34.256287
32.212345
30.219757
30.011187
32.362823
32.476738
31.5123
30.060183
29.267792
27.968752
29.01231
34.54192
36.113842
35.735558
34.432434
32.726006
30.879427
31.568663
30.909054
29.622269
28.074636
26.450285
27.385263
26.97496
25.931379
26.313183
25.670826
29.647123
30.626591
35.226345
36.330177
35.72028
34.306396
32.550724
32.382774
31.285904
29.777292
30.663431
30.126822
31.468849
33.671108
33.672226
32.616093
31.085289
31.919752
33.015671
35.051155
36.625683
36.232571
34.906754
33.174522
31.301479
29.419556
30.137644
30.385187
29.55057
29.919157
29.157295
29.573177
34.783699
36.194786
35.736691
34.395218
32.671528
30.818357
29.809559
30.934765
30.504444
29.340483
27.860693
26.275642
24.689774
23.153267
21.688707
20.304655
26.638306
28.844454
30.695707
30.621599
33.867065
36.908291
39.755985
39.876156
38.682518
36.895287
42.514664
45.576336
45.616623
49.294861
50.363022
49.29562
47.235958
44.764389
42.172523
42.149406
41.664013
40.123405
38.124317
35.967758
33.803242
33.399643
33.006058
36.871658
38.41964
40.502701
40.232166
38.839714
38.648857
37.344349
35.545879
35.26339
37.414707
37.273876
36.036537
38.553368
39.400757
40.268131
39.421085
38.625546
38.728119
37.562069
44.307274
46.156593
45.59639
43.896465
41.702457
39.339993
39.515965
40.905598
40.289391
38.729099
36.764294
34.666904
33.42001
35.165977
36.597828
37.833855
37.240265
38.331715
40.19825
43.226891
43.325058
42.012596
43.457436
44.484428
45.278542
44.239063
44.896721
44.652092
44.830151
43.508854
47.447666
47.85054
46.542427
44.453587
44.600502
43.271439
41.275173
41.566311
40.401722
40.271332
40.641731
39.544231
39.472988
38.200039
36.389874
36.075291
34.792103
33.083973
34.618931
34.269794
33.875076
32.622452
31.845469
30.472939
28.857435
27.175913
28.909065
28.834295
27.893532
28.263149
27.553745
26.348339
26.639341
28.488337
28.482422
27.585768
28.834618
28.5296
27.487795
26.124813
24.650335
28.258986
31.650644
35.680042
37.344093
36.971443
40.72266
41.246456
40.203659
39.289577
41.011185
46.489922
47.662453
46.72995
46.512409
44.948307
45.331722
44.093334
42.963215
41.07217
39.723412
37.829006
35.732033
34.451897
36.149521
37.527264
37.011364
35.602116
38.049999
41.425278
41.746487
40.590694
38.761772
36.666958
34.510155
32.391254
36.295856
37.032257
36.223827
34.698799
35.422623
34.658676
33.204132
31.463509
29.64012
30.379383
31.477934
31.017748
32.368553
32.001575
30.821077
36.922482
38.694324
38.331108
36.953754
35.132557
33.155327
31.165197
33.473324
36.076702
36.194984
35.115944
33.49572
31.666368
29.793995
29.656504
28.659819
27.281725
25.763683
36.103676
39.937054
43.918579
46.997894
47.002071
47.225883
45.851387
51.38797
52.434555
51.291801
49.133343
48.251534
53.949448
57.538372
59.153313
58.072685
55.731251
52.857765
53.212448
51.712948
51.915104
54.625057
54.212452
52.313034
49.759098
47.819317
47.083813
48.646591
47.870625
45.995682
45.348537
43.614613
41.413139
44.146553
44.074055
48.59494
49.241364
50.551826
49.594868
47.578892
48.511093
48.28492
50.054649
51.879089
51.127346
49.16185
46.675056
44.015907
43.902641
51.802937
53.971836
55.865051
55.869678
54.118652
51.579315
51.286217
51.232841
49.599449
47.258453
48.044628
46.91452
44.899502
45.067856
48.824844
49.945583
51.461704
53.120193
54.795013
53.879898
51.7495
49.102333
46.290001
43.48658
40.775417
40.738853
41.13966
40.041157
38.257004
36.199501
34.075317
31.985716
29.978323
34.012207
34.882362
36.750854
36.495022
35.226887
35.209122
34.095695
32.490944
30.700565
28.877218
28.792051
27.847622
26.520119
25.050278
23.558189
22.950653
21.938625
20.764088
20.396749
21.277039
21.032152
21.102913
26.413475
28.983671
29.308613
32.786949
37.670715
39.682682
41.948933
41.721024
41.999104
42.511478
43.968716
44.985661
44.062397
43.93301
42.492195
43.011902
42.76017
41.297386
40.99564
39.564217
37.635136
35.527542
35.097168
38.031063
38.246761
40.543736
42.919884
42.714279
41.275108
41.833778
40.789349
41.552872
40.615616
38.890881
36.84203
39.792229
39.960495
38.787296
37.006622
35.83844
35.849495
39.82021
41.326172
40.752617
39.19828
38.070042
36.333443
34.359154
34.87788
34.032509
33.406898
32.058052
36.342991
38.957382
41.535759
41.470715
41.834892
40.696968
38.873299
36.777496
38.858757
38.638947
39.017654
39.671906
40.438007
39.536987
38.711903
37.100773
37.707886
37.664547
36.461788
34.739883
32.822659
34.265388
34.731453
34.713791
37.857952
39.876877
39.595207
39.914165
38.814812
42.159142
42.442429
42.943398
41.836399
43.385441
42.76796
41.129276
41.59671
40.515869
42.118919
41.567097
41.69445
40.447205
38.578854
36.470825
37.707417
37.966476
36.89946
35.229023
33.321167
31.359173
30.281111
28.813061
27.203754
28.970718
28.910257
28.822388
32.11771
35.237766
39.872559
40.847412
40.033802
40.931934
40.078808
38.41132
36.405018
35.147354
33.440331
34.116241
34.218658
33.194046
33.357056
36.630558
38.75013
38.552139
38.944042
37.910149
36.223915
34.277252
32.266602
31.136709
29.616915
27.957523
26.283176
24.654181
23.098085
21.625841
20.240057
18.939316
18.568621
17.807865
22.822451
27.059975
29.094513
29.158693
28.27449
31.204508
31.632582
32.542313
31.958057
30.674543
29.095463
29.120779
28.21909
26.900452
28.816542
32.226151
32.852512
35.515999
35.680767
40.578995
44.203426
44.557091
45.025513
45.534355
44.349834
42.389133
40.117176
41.160622
42.066933
41.182114
42.858383
42.318581
40.731293
42.084328
43.958717
43.47953
41.884941
45.743454
46.161228
44.9133
42.904472
45.68362
45.584892
44.106941
42.012932
43.082363
42.244019
40.51572
40.959377
42.432308
41.808189
43.590027
45.623154
46.864777
47.687248
46.585804
44.594864
42.239162
40.630581
38.582943
36.388687
34.192841
32.065144
32.582169
31.808029
35.528427
37.89724
37.845734
36.633347
34.901432
40.609924
42.077381
41.461765
39.864964
39.543785
38.148605
38.826542
37.933735
38.011311
36.855732
35.144123
35.764366
34.93993
33.447514
33.377865
32.296986
32.461105
31.521275
31.777481
30.903332
29.513685
33.010464
33.65406
39.694298
41.349796
44.240955
45.08963
44.082294
42.215126
44.235546
43.817806
42.2421
40.159679
42.989624
43.848206
45.429775
46.460571
48.04287
48.99202
47.91048
48.432713
50.557278
53.384758
54.764347
53.708408
51.5158
48.846043
46.030895
44.082664
41.763565
39.339085
37.78849
35.85788
33.805336
31.758638
29.778965
27.89362
26.112751
26.983137
26.554426
25.515203
24.215363
29.618345
36.374363
39.326252
39.509953
38.358315
37.449856
37.53508
36.398125
34.709827
41.29369
43.160095
42.702141
46.232544
46.477379
48.530056
49.689857
49.535984
47.907562
46.470448
46.018665
48.599583
48.314083
46.660809
44.402458
41.92437
42.812088
41.894966
40.13974
38.037083
35.833511
33.650608
34.091377
33.233246
31.778179
30.082066
28.32341
28.286684
27.381378
26.087299
26.343893
25.640436
26.194736
27.335756
32.116348
35.101448
35.433681
34.481319
32.941803
32.865433
31.797392
30.286556
28.610485
30.30121
30.162392
29.997589
28.97707
27.577583
27.736778
32.881634
34.320866
39.02552
40.908909
40.529751
39.924171
38.380424
36.43454
36.901772
36.816544
36.46867
36.005558
36.350021
35.374767
34.644638
33.206776
33.170887
32.112705
30.596727
35.695618
37.02449
41.59129
42.479542
41.573135
39.833153
39.444233
38.019623
36.142269
34.106373
32.906635
36.388142
36.918427
37.711388
36.908813
37.910309
37.201637
35.693825
37.243111
36.818512
37.155968
37.000446
36.613029
35.278004
35.226498
34.096321
32.483505
30.689487
31.409946
30.770296
29.497463
36.444462
40.334259
41.785229
42.019253
40.813061
38.952942
37.685532
37.590973
36.365913
36.333096
35.177155
33.518055
31.66934
32.332775
31.63678
30.309694
28.721136
27.056841
25.408386
23.819286
22.308552
21.731274
20.772045
21.356281
20.9667
23.515228
24.001352
24.330061
27.966431
33.077385
34.494202
34.092224
37.919704
44.506897
49.667698
50.587811
49.442219
49.885689
51.078377
52.593525
52.519245
53.38063
64.845215
69.165207
69.069633
66.856239
63.695137
60.177971
59.145416
56.793434
58.971893
58.167625
55.955944
53.137737
53.510197
52.00985
51.353912
49.427322
46.950882
45.984863
44.077816
41.778633
42.756859
41.884937
40.151764
38.907677
38.785999
40.903996
40.637646
40.931267
39.787827
37.990036
35.934376
37.212963
40.901302
42.237694
41.554104
39.92173
37.884937
39.959766
39.702328
38.33279
39.017262
38.121597
36.495121
34.568649
32.558537
31.419754
29.886793
28.212627
26.523167
27.424591
28.693729
28.402859
27.371838
29.411274
29.467869
33.660702
37.163448
39.376389
39.203606
37.890362
38.615753
38.600761
38.230618
37.701515
36.264267
37.829525
37.394215
36.011646
37.611099
40.592651
40.750847
40.396439
44.048923
44.420937
43.205608
41.266052
39.039478
36.744946
37.883373
47.422146
50.515511
52.961224
55.019142
57.674599
57.988522
56.319557
53.750572
50.829918
48.680408
46.120354
45.988613
44.482162
42.362705
40.015316
37.632149
35.306545
33.929985
32.204052
33.758076
33.445118
34.790462
39.435257
48.912659
51.929779
54.294487
56.271656
58.000641
62.949734
64.199776
62.785534
60.135963
58.673023
56.129131
54.842674
52.503773
49.732758
49.386353
51.063755
51.963783
52.462189
51.055256
48.777332
48.697731
47.979698
46.129185
43.792778
41.296307
38.801319
42.324127
42.687984
41.52314
39.66061
37.521442
41.25531
43.450874
43.141865
41.639606
40.459759
38.623413
36.529339
37.770836
38.87862
39.039032
37.891006
36.150524
34.180111
32.16111
30.182114
28.284447
26.485388
24.790136
24.046358
23.782921
22.910051
21.771866
20.541954
21.851803
22.643587
22.313307
24.848049
26.98254
27.160995
26.394371
25.197876
26.377647
30.358528
31.317902
30.795879
29.578762
28.065933
26.458582
26.553066
25.765182
24.578205
25.782005
25.551125
24.638407
23.426838
22.10976
20.783325
19.49403
22.50503
24.941795
26.177883
29.343691
30.791807
30.521055
29.433235
27.987091
26.414236
26.526678
27.44504
32.963673
37.125069
37.95879
37.168026
39.015453
40.375229
39.761314
42.460693
42.424747
41.924549
40.368652
43.444939
43.559139
42.24704
40.29108
38.087246
35.833508
33.626526
31.511259
29.506418
31.859549
33.686771
33.507267
32.369553
31.655712
32.016251
31.184721
29.8067
28.209476
26.557072
24.930021
25.911396
27.266441
27.061632
26.114012
27.38459
27.135489
26.164305
24.876762
23.477699
22.068962
20.699783
19.392576
18.156155
20.386133
20.817471
22.068159
21.976337
23.787811
23.911371
30.855955
33.223171
33.317596
36.559383
38.665962
38.464375
37.1605
39.610104
40.392044
41.196865
47.077831
48.425117
50.097797
51.025864
49.870354
49.447189
47.692215
45.352665
42.805733
41.087536
38.972904
36.734219
34.506203
34.89843
33.991657
35.883049
35.665417
35.290081
34.002365
34.01363
33.800056
32.636776
33.599075
33.006893
31.686674
30.906599
31.258831
32.992275
34.48632
34.121708
32.875786
31.245691
32.875813
32.627087
31.483753
34.18861
34.414886
33.443584
32.775963
31.426762
29.792513
28.072653
26.365646
26.415173
25.610025
24.419632
25.626768
25.402357
24.497417
30.929619
35.593639
38.413612
40.259396
39.882553
38.449993
36.555317
34.498123
34.124275
32.873852
32.090046
32.403351
31.536974
30.131195
29.358833
31.46014
31.482164
30.504784
29.078064
29.177113
28.309072
27.003767
28.923021
32.330803
32.953003
34.762955
36.238182
35.809536
36.176716
36.066204
34.881317
33.217594
32.22451
32.433064
31.515446
30.934124
29.684156
28.152271
26.533041
24.922674
25.063911
25.193609
24.465292
23.347736
25.471897
25.692791
30.083025
31.247639
33.371628
35.041332
34.743675
34.358807
34.79253
33.909023
32.420563
34.081856
33.810253
32.618797
32.719723
33.438206
32.733974
31.368486
29.72826
28.007538
28.847366
28.345472
27.214891
28.363035
33.114841
35.20636
35.106121
37.349903
40.649128
40.958122
39.821236
38.025543
35.969772
39.792412
40.379707
45.333435
46.290115
45.296967
43.398487
43.669952
42.429901
40.502808
38.306183
36.049053
33.833664
31.707867
29.691797
27.79171
26.00695
31.120798
32.600391
32.288021
31.124743
29.589281
31.316853
31.163843
30.112406
28.662426
27.066528
25.450632
23.875847
22.370203
20.945038
19.603243
22.585598
23.309278
25.470589
27.406183
27.475822
29.192244
29.100567
28.143324
26.800383
30.404737
31.181795
30.576492
29.326233
27.805447
27.050827
25.839493
24.446812
23.010729
21.598862
26.181744
32.651714
34.734619
34.645042
33.514816
31.920223
30.152634
28.357428
26.605301
27.474035
27.029119
25.967222
24.642302
24.08103
23.055758
26.930212
27.946014
27.556938
34.989296
37.46109
37.472744
41.392792
41.97665
41.788227
40.386345
42.687656
43.301792
43.934708
45.405163
47.231777
46.626907
44.873192
42.6227
40.204212
37.780952
35.431427
36.584675
38.535709
38.263508
40.325607
40.050579
39.510048
39.707348
43.646481
46.71397
46.721363
45.258739
44.83276
43.221256
41.939316
40.855885
39.053402
40.355705
39.714809
38.160683
36.216705
36.691677
35.768372
34.202442
32.377026
33.029423
34.851482
37.178146
37.12896
35.940189
34.241367
33.199272
31.656927
29.922689
29.847519
28.874758
30.895025
30.895836
29.926678
28.522062
26.952353
27.897821
30.021666
30.099646
29.192541
27.840742
26.317808
29.002434
31.926966
34.874912
35.196426
34.246342
35.260513
34.641106
33.256527
31.547886
29.737196
30.479528
29.879587
28.653778
27.165823
25.598654
26.587826
27.076969
26.4622
25.336508
25.697538
25.064522
25.670736
25.156315
24.119814
26.258657
26.461937
25.729158
24.56979
23.241917
21.874767
20.531666
19.242254
18.0191
16.866154
15.783107
14.767618
13.816448
14.622822
21.338448
24.742773
25.601435
25.210445
27.62512
29.614798
29.641104
28.723551
27.381483
25.877604
26.040022
28.694458
30.765747
33.340324
33.530651
35.11504
34.774067
34.367455
33.093658
33.140141
32.970886
31.854919
37.954876
41.390453
41.741699
40.600498
42.171875
45.845222
46.170872
44.87838
44.546047
42.988529
41.739803
48.314201
51.65258
51.635078
51.703106
51.810089
51.9324
50.361458
48.026516
45.397903
44.407524
42.538277
40.305557
38.816746
38.580334
37.256107
37.996113
37.159191
36.43951
34.950321
38.228703
39.452042
38.801559
39.816711
39.054783
37.463245
35.523178
33.476601
31.443071
29.479639
27.61149
29.24132
29.106518
28.128372
26.775862
27.831184
27.464685
28.123585
27.557497
26.420824
25.045755
25.296135
26.319368
25.984903
25.008821
23.755201
23.256008
22.286446
21.121384
24.140987
24.833738
26.083967
25.86591
24.949474
23.726362
22.394327
21.051794
19.746325
20.196451
20.627247
20.186857
19.34185
18.32902
17.267365
18.760773
18.889336
18.358309
17.527155
16.577919
15.60176
14.643311
13.72343
12.850956
12.028618
11.256177
10.531932
9.8535738
10.066938
19.185911
22.96373
29.996405
33.281303
39.753475
44.159763
47.435558
50.913956
54.380505
59.429379
62.534622
62.063675
59.889843
59.511532
57.462261
54.674774
51.620159
48.533115
46.375755
46.429443
45.846642
44.127975
42.766098
40.769932
38.531757
36.247585
35.709789
35.179253
36.365673
42.581532
45.927586
46.093437
46.423439
45.125114
46.479046
49.064384
49.614822
50.867451
49.87281
47.830002
46.196259
43.961884
41.509132
39.02845
36.612202
38.544724
39.960159
39.38599
41.267834
40.876682
39.406033
37.46307
35.354214
33.231857
35.41164
35.347336
34.207207
32.586132
33.330139
33.489944
35.060947
42.350857
44.523212
45.01783
48.933094
49.278011
53.836102
55.184311
54.100132
51.881672
49.188015
48.895866
47.221123
45.783291
47.897961
49.107346
49.843979
48.633625
46.526104
44.053799
41.483879
49.128544
53.80378
54.360916
52.922588
50.570988
51.248119
51.661922
50.239464
50.524872
49.07642
46.840633
44.296883
41.684994
39.122383
36.663841
34.332424
34.680439
33.759285
32.257439
30.52383
31.278492
30.659391
29.399914
27.872372
27.112425
25.896593
24.499952
23.060308
21.645178
20.286236
19.84532
19.010771
19.71015
21.972744
22.369949
22.707136
27.24691
29.420755
29.541599
28.672594
27.355427
25.864336
24.336508
23.687368
22.632248
21.415243
21.007076
20.151804
19.108618
18.856319
19.840206
19.690168
19.000204
20.61776
20.747671
20.158983
20.940413
20.658613
26.662178
28.709017
33.033211
36.618721
37.191711
43.087029
44.566444
46.423679
46.707272
45.377758
43.315178
42.662025
41.009537
39.777309
37.937202
35.862869
37.13475
36.580299
35.166058
34.231647
36.102222
38.412926
38.317345
38.765774
39.461445
40.254036
39.371494
38.56049
36.960869
35.881092
34.236481
32.372181
30.460882
28.586973
26.789822
27.631145
30.561749
31.010262
31.100954
30.168528
30.470757
29.659706
28.339397
31.057926
31.389015
30.563015
29.207176
31.033009
36.874901
38.523632
38.106606
36.710461
34.887886
34.61446
33.396885
34.309254
33.670815
32.307526
30.638876
28.87594
27.12303
25.429934
23.81872
25.690975
30.026035
31.165924
30.735394
29.564098
31.467356
31.39403
30.373627
31.475559
33.562286
35.208122
34.893761
36.192982
35.681198
34.315681
32.582939
31.576611
30.102339
28.449614
27.611399
32.281132
33.511009
33.05011
32.639988
32.267128
31.075451
29.527895
27.857977
32.968906
34.389084
35.688858
37.738377
40.083694
39.952293
41.18063
44.720322
45.865467
44.976173
43.137634
40.900864
39.391415
37.430267
36.162117
36.115002
34.959042
33.306774
34.013168
33.285091
31.890856
30.220425
31.014957
32.120102
31.642927
32.965946
32.566898
31.353237
29.786415
30.644323
30.094727
28.886347
30.793066
30.742554
30.601954
31.270895
30.610876
29.333258
27.799091
27.886665
31.295612
32.799248
33.340576
32.554317
33.700275
33.19313
31.907906
30.289303
30.25816
29.293667
27.911142
26.371223
24.804035
24.969727
25.114126
24.395374
23.284592
22.02039
24.115753
26.062193
29.572819
30.330957
30.591673
30.605288
32.196609
31.950556
33.374931
36.405327
36.718384
35.716492
38.356461
39.269173
40.172028
39.345043
39.409943
38.204372
36.426453
34.429386
34.934959
34.929878
34.679707
33.47126
40.324451
45.744278
48.608707
48.459145
47.714981
45.860195
43.530201
41.045063
38.563385
36.161243
33.872715
31.71055
29.676945
31.162497
33.443295
33.489281
40.096058
42.011059
47.551292
48.72007
50.297749
49.477131
48.378723
49.726543
53.055462
52.989418
51.294815
48.871197
46.173477
48.519176
48.123241
49.816505
49.06649
48.863289
47.232307
44.966728
42.467449
39.934353
37.464497
36.799343
35.325058
33.508411
31.584322
29.669025
32.060047
33.899193
33.718739
32.573936
31.001871
33.515923
37.065269
39.303699
39.145432
42.931362
43.402546
43.115238
41.624233
39.601864
39.084576
42.69997
43.944923
43.163826
41.434124
39.303074
37.046158
34.799599
32.628494
30.561796
29.458479
31.397707
31.34383
30.33436
28.897564
29.845837
29.364689
29.060493
28.002436
26.615482
31.052921
33.058159
32.983875
34.458321
38.327179
40.679443
40.532696
39.190235
39.012405
39.399551
39.197495
37.870377
36.044548
34.036453
34.549061
33.711075
32.250694
32.234009
31.214437
31.441992
30.564604
29.184031
27.605108
27.677275
31.933779
32.976078
32.441879
31.167233
38.060963
42.722858
43.6213
43.532314
42.123501
44.366959
44.052193
43.367027
41.67701
39.557415
40.691605
40.807808
39.583035
37.752602
35.688705
33.577457
31.509714
31.224558
30.107725
31.171696
36.643318
38.969856
43.954792
48.36335
48.963078
49.411427
48.07618
48.471355
47.140076
45.021347
42.590889
41.78376
40.084877
40.556175
42.055046
43.152031
42.324757
40.599209
40.193161
49.766033
52.802219
55.14872
54.545128
53.391918
55.404526
54.632549
52.547318
49.896782
47.906292
45.446888
42.839455
40.242718
37.732643
35.342934
33.086056
30.96377
28.972752
34.742867
36.424007
40.330433
40.941105
40.798031
43.69101
43.709469
44.891865
44.051014
42.264763
40.080513
37.77364
40.570648
40.640911
42.792908
42.483608
46.092289
46.37912
45.061447
45.559696
44.369282
42.405167
40.131065
38.627838
36.693638
39.703548
39.903271
39.595402
38.204967
36.338226
37.694889
39.708782
44.520359
45.434284
44.447456
42.578671
42.041721
44.70649
52.219059
55.03709
56.360275
55.227161
55.495018
61.517784
65.025253
66.366119
64.927521
65.592659
66.398949
64.70253
61.857281
58.549541
57.668663
57.132668
55.082336
52.368996
49.422379
46.456158
46.96722
45.738792
47.955433
50.060402
49.500477
47.678165
45.306694
42.745884
40.174503
40.223923
38.985394
40.560711
41.741302
40.998463
40.203487
38.56002
36.560593
34.452946
32.359447
32.035259
31.722649
33.970612
33.98428
34.621174
33.840622
32.403763
32.393566
31.372112
29.897017
28.250315
26.572861
26.630083
25.821882
24.623383
25.820225
25.58481
24.668848
23.454777
22.135614
20.807364
22.061642
21.97176
21.239075
25.311079
26.472582
26.199728
26.094872
25.225649
24.864927
23.911381
23.55142
24.336262
23.949526
23.012209
23.536661
23.049952
22.09284
20.93984
19.728928
18.528206
20.763659
21.185768
20.723675
19.851398
22.203081
25.181042
25.821169
25.318314
24.282282
24.719456
24.153708
23.124006
25.29738
28.092602
28.553577
30.424149
30.367846
29.387827
32.236893
32.593685
31.742222
30.337149
28.710278
30.421511
32.833973
33.810715
33.218838
31.892097
30.254051
31.063086
32.173668
34.242641
34.161808
37.29295
40.171753
40.293816
39.087982
37.282181
36.941689
35.618874
33.865753
31.960985
30.043133
28.17919
26.399626
24.716436
23.132368
21.645613
21.949043
21.405998
20.473427
20.231426
19.480303
18.508221
19.15732
18.867907
18.136805
19.761694
19.921989
26.161015
28.336681
28.492432
30.218315
30.098974
31.642311
32.239025
31.513924
30.176706
28.587452
27.775408
28.210573
29.231094
28.803946
27.694891
27.1415
26.023977
33.15456
35.538982
38.114193
41.548595
41.894321
44.139294
47.226009
47.226574
47.44162
46.056129
43.945381
41.552517
41.64444
40.381744
38.508041
37.248055
35.473991
37.750683
40.204731
44.363754
44.969158
45.545555
44.393135
43.294907
41.408772
44.2938
44.289516
42.897591
40.882851
38.632229
39.732498
39.014126
37.444759
37.212749
35.933514
34.19146
33.978569
40.445633
42.282578
46.079987
49.003075
48.869247
47.271416
45.020535
43.375008
42.920311
41.355019
39.305439
41.329563
41.004791
39.562004
37.627541
35.517612
33.389614
35.561718
35.489033
34.340416
37.801502
40.822823
40.992897
39.788181
37.960968
35.892075
33.772041
31.69397
29.701265
27.81209
26.031944
24.360014
28.731335
29.929276
31.262234
30.921427
32.332569
31.995729
35.920273
36.678032
39.284592
39.303734
38.079529
38.841766
37.988968
38.084023
42.873363
43.828278
42.911556
45.366623
50.21257
50.964371
53.11974
52.488018
50.537453
48.014671
49.538197
49.563801
48.869102
47.001877
44.63007
44.635529
46.631042
46.126156
45.284569
43.459248
41.218742
38.84914
36.49184
34.214489
32.046967
30.000216
28.075705
30.512314
30.725103
30.711535
29.741247
30.038687
34.329315
35.312828
34.677059
34.980293
34.028198
32.503063
30.750553
28.943823
30.56135
33.772812
34.255455
33.4123
31.958811
30.257784
35.27845
36.582821
37.758106
37.137711
39.067905
42.162598
42.32589
42.772869
41.645287
39.796837
42.75053
48.766464
51.822384
51.663929
49.966526
47.583241
50.035736
52.188702
54.978661
55.441772
53.924385
51.503365
52.966297
52.006798
50.762321
54.510418
54.600048
53.778065
53.392471
52.380127
50.250164
51.043797
49.82317
52.763783
54.217201
53.213875
52.758881
55.126698
56.230827
54.996567
54.374668
52.369656
49.763199
48.646458
48.280312
46.589363
46.860363
47.216785
45.906261
45.533016
44.773266
43.003311
40.803707
40.163548
39.444103
37.860741
35.912128
33.849239
31.796175
29.812294
30.469078
31.525175
31.043129
29.837431
28.321987
30.098948
32.553085
34.407063
34.217812
33.05312
31.45645
30.550831
30.853937
30.031288
29.542145
28.380144
26.931423
28.784054
28.770603
27.861296
27.398615
26.316597
24.971045
25.237953
24.574146
25.180962
24.682205
23.668091
26.680275
29.834991
30.413956
29.737608
30.176346
33.682121
34.308971
38.623802
42.877777
48.665844
49.918678
51.499096
50.642113
52.883274
52.300179
51.227272
49.104382
46.543793
43.853317
41.184898
40.307617
38.621349
36.599445
34.479774
32.379669
33.748486
33.34684
32.107475
33.898232
33.694584
37.629784
39.187416
38.705814
37.259861
35.396107
33.39016
33.924065
33.115925
31.688559
30.008558
28.259947
26.533241
24.871256
23.292501
21.80327
20.403778
20.788097
22.865534
27.387798
28.700392
28.430193
29.953438
29.745096
29.559975
28.543449
28.007872
26.871714
28.876341
34.871819
40.050739
47.220181
49.18187
50.277496
49.225971
48.872925
47.169693
46.568172
45.666286
43.800041
41.529179
39.135242
40.999321
42.304825
41.604298
39.962238
38.767895
40.371262
39.874466
38.384537
39.857964
39.314873
40.365486
39.603371
37.99453
36.029472
33.955009
36.135082
36.896618
39.498138
40.356556
40.350819
39.081825
37.245865
35.195232
37.347832
38.906513
43.524643
46.073685
49.245754
49.223938
51.062347
52.039749
50.876152
48.720707
46.156502
43.476475
40.824898
39.118584
37.071449
36.62167
36.953178
36.801182
38.118515
37.555042
36.105873
36.821991
36.010422
34.49057
37.768627
38.157867
39.692589
40.880917
40.168808
41.959808
44.896908
44.898663
43.490566
41.449432
39.168362
41.085594
43.262337
42.950218
41.452461
39.432266
40.618107
39.913033
40.018688
48.994396
52.616379
52.704872
54.487
54.481529
54.466007
55.29454
55.654068
54.080269
51.62727
48.82896
48.497799
46.816807
45.38866
43.278366
43.451851
42.171612
43.626923
45.502026
44.974754
43.310139
41.151501
42.216904
41.403805
39.713963
37.656059
37.182739
35.78857
33.995865
34.613163
33.823467
32.382744
34.068157
33.808559
32.622936
32.726521
31.749283
30.283579
29.477657
28.165522
26.651428
25.087852
25.246363
24.530239
24.264894
26.769585
27.132545
28.152222
27.758537
33.485542
35.185448
35.746155
34.893711
33.389267
33.315693
32.234856
33.249355
35.23843
35.087967
33.914597
32.286739
30.491676
28.67263
29.444353
32.284615
32.635677
32.628555
31.601202
30.116087
28.457695
33.555328
39.192749
40.670517
40.104
38.57338
40.021358
42.0061
46.731583
47.534767
46.428841
47.834267
47.008213
48.529877
47.737808
45.859318
43.517944
41.027706
38.544163
36.990128
35.08292
33.065937
31.059521
29.121147
28.97308
28.841145
27.872713
30.774887
31.20307
34.671535
35.249428
36.11763
35.401203
33.946175
35.575657
37.787086
37.663456
38.967346
42.61277
44.723255
44.333454
43.603394
41.88443
39.744419
37.469318
41.987953
43.689034
43.135075
45.757374
46.429363
45.295109
43.328911
43.570019
42.318546
40.389442
42.437424
42.08934
40.601345
38.612549
38.142376
39.264824
38.571754
37.02845
35.973602
35.186459
33.704174
31.934563
31.779266
30.707403
29.228931
27.601593
27.650591
26.806423
25.559744
27.552467
27.644955
28.518641
31.436934
33.548878
35.207268
36.595734
36.114212
38.143227
37.920792
40.865967
44.39172
48.085701
48.350945
47.809437
47.745846
46.216961
44.880699
42.830448
40.501659
38.112141
35.768425
33.520275
34.782177
35.145168
36.761818
36.384663
35.061722
33.326031
31.446558
29.557009
27.721914
25.970566
24.314386
22.755913
21.293257
23.316118
26.949636
27.849121
27.407202
26.334877
24.993416
27.806787
28.285446
27.627729
29.838423
32.509071
34.468418
34.327847
39.970284
42.274479
43.751362
43.087738
41.416847
39.314621
37.071163
37.375492
40.590763
40.861298
43.950947
44.904099
43.952759
43.813335
42.371456
42.89444
41.799561
39.961956
37.825298
35.612053
39.370258
39.939873
38.960087
38.963684
37.742683
37.668625
38.147774
38.877571
38.856491
42.717407
44.079697
45.04755
47.492363
49.721451
51.776958
51.987839
50.457668
48.139309
47.211899
45.284904
43.786663
41.692974
39.378979
40.425407
39.659401
38.046947
36.078506
34.000854
31.935986
29.942011
31.438293
31.170382
35.153946
35.964104
35.224625
35.460873
34.461514
38.838894
39.722565
41.445644
44.366245
44.376755
42.989208
40.973709
39.568264
37.651512
35.549332
34.272469
32.583672
30.750017
28.904327
31.352787
31.544909
32.344063
31.712917
30.414579
29.684933
31.796539
33.509739
33.281013
36.368767
38.407345
41.57481
46.033493
49.275623
49.286537
47.74509
45.50642
43.003139
40.451302
37.956207
35.566742
35.848118
34.858303
34.137413
32.719883
32.709038
34.222595
35.572407
37.649635
37.465866
37.898655
36.917221
35.287338
33.397133
33.138016
33.670441
33.71796
32.682671
31.159794
31.147331
33.557491
36.207233
41.434097
46.03793
46.804447
45.703831
45.437775
43.884075
42.609112
44.901608
44.593643
44.743107
45.956024
46.793232
49.120525
52.938873
53.111561
51.527809
51.695316
53.547108
52.756172
54.114334
53.068497
50.90081
51.655918
52.942818
51.899475
50.618103
48.414196
45.836353
46.553398
47.133701
45.933311
43.915302
42.416359
41.213715
39.342751
37.209488
35.0172
32.865341
33.345646
32.5299
37.90448
39.296429
38.731834
38.093586
38.288414
37.180447
37.178326
37.707413
37.626629
36.407063
38.920807
38.906776
39.375904
38.365578
38.373138
37.172569
37.126217
37.635704
36.699356
35.097942
33.22736
33.831406
33.05986
31.651827
31.679058
34.091629
34.180546
33.150635
31.615662
29.886265
29.814566
28.844498
28.321808
27.181973
25.781507
27.693413
27.742643
28.592505
28.103422
26.986599
26.451704
25.364708
27.440252
28.424427
29.70195
29.383476
29.156822
28.981373
29.684441
30.787386
30.351006
32.582554
33.480305
32.860836
33.228897
37.453331
38.306999
37.5149
41.0476
41.456253
40.351589
38.554718
37.330181
35.570572
33.609173
34.157616
33.349117
31.914259
35.313984
35.838707
34.966064
35.14645
36.675354
36.258781
34.92086
34.879185
35.461414
36.325043
36.448334
35.36375
34.581467
33.120525
31.379469
29.558504
29.4531
28.478207
27.11627
25.611189
24.084581
24.292343
23.629816
22.570049
21.352774
20.098034
22.258276
22.597368
22.051092
23.641933
26.209307
26.619951
28.527023
28.547783
29.358698
28.82687
30.212009
29.929218
33.096176
37.820683
40.599823
44.054211
45.179279
44.30188
49.277439
50.120815
54.891865
55.460854
54.842106
57.065926
56.343239
54.227993
51.510292
49.436916
47.738075
48.817646
47.804195
50.907677
55.042763
56.998367
56.997353
55.208241
52.616409
49.720394
49.314327
47.571732
45.241913
46.945141
46.290028
44.522732
43.973518
44.026577
42.670452
42.376865
40.906013
38.915863
37.587166
35.769447
35.470707
34.214108
32.536869
36.649044
38.322449
39.620399
41.545673
41.166653
39.692722
40.284405
39.304409
40.145496
39.289673
37.645641
35.674652
33.608459
31.561382
29.587729
27.711273
31.0308
31.651394
39.440212
43.640347
44.288208
44.906361
44.642433
45.659958
46.412605
45.317623
43.369587
41.072941
38.68092
39.711777
38.96069
37.377316
37.989067
37.090748
35.495327
33.61517
33.354019
34.727112
34.296829
39.801083
41.195805
43.118134
42.688343
41.9907
40.337894
39.974976
46.181831
47.713753
52.891064
57.959942
59.424099
58.262554
55.876312
54.673492
53.228474
50.864067
48.132236
45.309681
46.77412
46.009651
44.198658
42.790226
43.316132
42.209423
41.201664
39.42469
37.334015
36.006657
34.239193
33.164204
31.607151
29.867413
28.09453
26.36137
24.70167
23.129337
21.648315
20.257622
23.195959
23.879335
23.458208
25.064987
25.050171
24.256945
23.963142
23.070034
21.91711
22.372368
24.434155
24.657679
23.991249
22.918285
25.92573
28.253447
29.333229
28.931341
27.83042
26.428289
24.92548
24.26989
23.193384
25.342094
25.578875
24.8899
24.626307
23.726908
22.550337
24.671165
27.460802
27.938927
28.988619
28.583097
27.491343
27.801069
28.774197
28.338621
27.240118
30.099682
35.618965
37.152164
36.722675
35.363998
33.601627
34.245911
33.48069
33.759281
32.833683
31.358759
33.059868
38.778259
40.30793
45.716518
47.728073
50.590061
51.225517
52.468407
53.115677
55.153313
56.946423
58.56583
59.202572
58.498962
57.17363
54.742905
55.251118
55.458164
53.817261
52.188686
49.768745
48.741386
50.960403
50.427021
48.588364
46.180489
43.574764
44.34943
43.329735
41.480232
40.987022
42.009106
41.181721
41.188793
44.141651
44.174694
42.804295
40.802872
41.106312
39.962093
39.855251
41.098427
40.405853
39.653572
38.047909
36.082706
34.00647
35.335693
39.10725
39.691513
38.726585
38.744637
38.385853
37.008934
35.186203
33.206551
34.607254
37.587601
37.839535
36.773106
35.106899
33.204914
31.249365
29.329458
30.032131
34.517601
37.285583
37.444988
39.740082
39.595352
38.283272
36.451691
34.428093
34.072548
36.226147
36.972111
36.170166
35.498333
34.910053
34.380394
33.047108
32.218048
30.808813
30.861929
31.615763
33.530891
33.398506
32.286812
30.739685
30.728741
33.15276
35.821884
35.979729
34.926456
34.172951
36.980637
38.865471
38.551132
37.190376
35.369717
36.778908
36.30159
39.175133
39.325958
39.012703
39.33477
38.255112
36.536034
36.260609
38.384018
39.896175
39.370468
37.8825
38.524212
37.623501
41.100609
41.480885
40.361835
38.557743
36.481232
38.581066
38.378899
39.622612
39.824982
39.520821
40.679726
39.959759
45.99559
47.451233
48.358116
47.276146
46.9697
47.893753
46.834606
44.856182
42.498272
42.577309
41.27916
41.057068
39.661983
37.747257
35.643055
33.513878
31.439518
29.456579
29.276575
28.271381
29.446604
29.087002
28.001495
29.146599
33.023937
34.698322
34.413673
38.287388
38.946465
38.040836
36.412102
36.183949
34.938869
33.244434
31.387331
29.510386
32.773209
35.008705
37.529003
37.561821
36.398849
34.698006
36.185841
35.764893
34.440357
32.723396
30.871845
29.862125
28.44006
26.864542
25.264774
23.70355
22.209848
20.795435
19.463503
19.061384
18.270073
17.316671
16.315315
15.322376
14.364627
15.150633
17.597914
18.221117
17.948639
17.254522
16.379656
21.384258
23.116917
25.768898
26.234003
25.634121
24.541582
24.095078
23.124485
25.326241
25.588989
24.912172
23.805315
25.920259
26.122656
25.400112
24.255987
24.642082
24.05422
23.017014
22.644943
21.755602
20.645739
21.161583
20.74526
19.894293
18.861261
17.773203
16.692856
15.650118
16.354965
16.180269
15.588604
19.057245
21.82201
22.465139
22.069046
22.883062
25.101135
27.075586
27.174259
27.217297
29.777454
30.921059
30.500002
30.189041
29.0923
30.197798
29.781128
29.494829
36.067352
38.092312
37.869549
39.119354
43.582432
44.358406
43.339092
44.03466
42.986893
50.467079
55.869728
56.711395
56.18438
54.168121
51.499825
48.602127
45.685135
44.547234
45.996357
45.248966
43.470005
41.251446
38.891327
37.385685
37.186119
36.771713
35.418743
33.657417
31.755236
29.845091
27.991058
26.22217
24.549677
23.824373
22.728367
21.488718
20.21895
18.974586
22.871872
24.026009
23.826384
22.9828
21.856396
24.0231
27.703514
28.601854
28.135782
27.028982
29.89119
32.024696
32.04446
33.593578
37.525402
38.236286
37.377834
35.792549
33.907913
31.938644
35.080929
35.489285
40.510555
42.499405
42.120987
40.617439
38.620636
40.691605
44.651348
45.152039
43.975586
42.030529
39.777332
41.68885
42.995518
42.273872
42.297447
40.981438
42.456898
41.833233
44.462898
49.421047
51.948391
54.077282
54.251186
52.632244
50.203011
48.309204
45.883583
44.975471
43.127899
41.735531
39.757042
37.559143
35.324821
35.688339
34.742985
33.198647
32.263489
32.49865
31.591768
30.164785
28.532803
27.701956
26.43359
24.994848
23.519461
22.921146
21.914474
22.440071
21.988317
22.778124
23.291063
26.200132
31.865591
33.58675
33.359447
32.203415
30.637575
28.924053
27.193371
29.750751
34.287472
35.390495
36.506493
35.896881
34.4776
36.955967
36.98661
36.689068
36.243206
34.891689
33.147606
32.118107
30.615728
28.933363
27.217348
25.539026
23.93148
22.408367
24.36721
27.936987
28.774868
32.516304
35.838161
36.309006
43.031357
44.90974
46.947834
46.453461
45.606644
43.768711
41.512444
42.51963
43.365868
42.411453
40.622116
38.487911
37.951859
37.351807
36.739845
35.293003
36.884125
36.490879
35.156879
33.412888
31.526707
30.479818
29.0205
29.105684
32.47522
33.074532
32.324455
33.495007
33.854519
32.964806
32.351391
31.04154
32.831902
32.661518
31.55472
30.881285
29.588747
32.28141
35.106876
37.907471
43.153427
44.318901
43.487888
41.724056
39.567513
40.683662
39.943035
38.333851
36.357986
35.964821
36.344158
35.385826
37.208702
36.916595
35.617767
33.876232
31.976679
30.060852
31.590933
31.334457
30.227974
28.747931
27.134914
25.508644
24.775442
29.584614
30.966085
30.657848
29.547733
28.08729
29.898018
31.526281
31.319021
31.085037
29.997175
31.078516
31.471018
30.671934
29.325609
27.758686
31.225395
34.45578
34.926083
36.601158
36.257126
40.892883
45.22979
46.741871
51.940132
52.806915
51.566124
51.048737
49.198277
46.765598
44.129581
44.023869
42.591572
40.567047
38.321625
36.040554
33.813953
35.076973
34.582867
33.260281
34.126484
37.713623
38.253033
37.31168
35.688671
33.789169
32.664894
31.099825
29.372169
27.620628
25.912584
30.217846
31.337404
31.740135
32.634323
32.039707
30.748665
29.163637
27.487152
25.819344
24.208048
22.674458
23.771519
23.552462
22.708136
24.983601
25.292511
28.889166
29.710085
29.172043
29.694958
29.014252
32.01881
35.002331
36.185318
35.617977
34.227734
32.485897
30.629837
28.777151
26.984249
27.821505
27.350567
26.266083
24.920937
23.492807
25.463242
29.004181
29.794733
38.57185
42.425518
45.490295
45.534775
50.066013
50.671253
51.068638
51.353695
49.879089
50.150753
53.797852
54.709724
53.430851
51.139866
48.434666
46.463802
44.907513
45.295975
44.061104
42.085297
39.81562
37.476006
37.721451
38.352394
40.845501
41.609573
46.609608
47.54847
49.052483
48.235561
48.026287
46.418659
47.583435
48.346462
47.195778
46.858833
49.468536
50.866383
50.789928
50.856178
49.292053
52.084366
51.79105
50.02491
47.606773
46.648186
48.117485
47.31321
45.442169
43.117477
44.889854
44.332424
46.915474
46.683868
45.107635
42.935028
43.089371
41.811298
41.582153
40.167175
42.469093
43.938759
45.811012
45.272663
43.593365
42.267189
40.303822
38.096031
35.840126
33.631874
33.212646
31.96903
30.368492
30.343542
31.076147
30.45282
29.197781
27.678717
26.080511
24.494444
22.963993
21.508261
20.134113
18.842274
21.024103
22.260687
22.156048
23.107313
22.839075
21.993521
21.745617
22.640947
24.057274
29.073008
30.569742
30.329319
34.352459
36.90358
36.970833
39.236542
39.093487
37.79797
39.383205
40.605476
42.463524
44.568581
44.181034
42.608444
40.516018
38.239567
38.491371
37.404419
35.708546
35.470238
34.24268
35.123703
34.444641
34.734364
33.783512
34.811844
34.213348
35.397404
34.855309
33.501141
36.041424
36.130505
35.039474
35.112682
35.742752
37.468922
37.122204
35.790737
34.028065
32.962002
31.415571
29.686956
27.925089
28.74773
28.240709
27.110962
25.717558
24.241257
24.468266
23.809448
22.745848
24.914806
25.174704
26.206322
25.879444
27.455503
30.744522
31.359446
33.2159
33.065216
31.95521
30.419277
28.726967
28.709461
28.648504
27.720211
26.404455
30.882685
32.912872
32.855133
31.79637
30.29003
28.615988
26.913937
26.948637
30.361629
31.04812
32.100319
33.295155
32.824196
31.567936
29.973911
28.267662
31.651482
32.283474
31.573936
31.939121
31.112223
29.738726
31.539389
31.41452
32.06551
31.371933
30.054327
28.478325
30.221281
30.110046
31.65695
33.103279
33.607548
32.795116
33.920952
33.397205
33.794415
32.924694
36.56414
37.164757
37.983757
37.185162
38.179886
41.701515
46.326328
47.093903
48.529881
47.696671
50.890091
58.462543
60.265007
59.239529
56.888
57.366936
58.341915
56.97937
57.082047
55.340054
52.76675
54.116894
53.067127
50.897606
48.258335
45.476276
42.712921
40.045319
37.507362
35.959743
34.087963
32.119202
31.86248
32.436085
31.693707
32.887756
34.125999
33.649826
32.365147
30.732447
32.377449
34.696705
36.418613
36.102818
34.818172
33.108521
32.096775
30.603601
32.319649
37.220043
41.79932
42.687061
46.864269
47.399967
46.169785
44.130058
45.159122
48.47823
48.551128
47.062519
46.56749
44.868366
42.644253
40.23777
37.81921
36.319145
35.307312
34.561752
33.119061
31.386818
29.569857
27.769222
27.729738
26.840582
25.57123
25.855881
27.726431
27.754766
26.897408
28.186735
30.466667
32.302464
32.170521
34.49118
34.523441
33.455555
33.589565
33.448254
32.330727
30.779411
37.552402
42.172276
43.06781
42.146423
40.38126
38.266228
36.049545
34.701965
32.965729
31.097303
29.224022
27.407192
29.916477
30.182898
31.060484
30.507277
30.132614
29.007061
27.556181
25.994577
26.973978
29.14312
29.270426
28.413025
27.109585
25.632799
27.512705
27.552254
26.706631
30.552792
33.98653
35.417641
35.841957
39.163006
41.225945
42.619858
46.193901
48.157734
50.983311
52.437347
52.338577
50.648693
48.247608
45.580276
47.959206
49.293583
48.387608
48.130806
46.497051
44.253227
41.786781
42.684418
41.776066
44.270798
46.624962
48.837738
50.064781
51.628208
51.607395
49.977905
47.626862
45.003082
42.330597
39.718605
37.217644
34.848476
32.616974
31.370008
29.786654
29.788223
28.854187
27.500084
25.986706
27.83794
29.550318
29.44545
28.471046
27.957983
30.2278
32.914627
34.869019
34.713493
33.549446
34.482719
33.848877
32.482216
30.806473
29.034855
32.363209
33.794613
33.421623
32.193672
30.593603
29.713396
30.903408
31.353584
30.585896
30.105743
28.930368
27.457975
25.889099
26.868338
28.192307
28.791912
29.024778
28.22579
30.34988
32.114479
31.954227
32.571304
36.087555
36.643959
37.45808
38.37043
42.694931
45.128994
44.881882
44.203152
42.489986
41.18219
45.200478
45.712048
44.523258
43.403488
43.200382
41.747166
41.435913
41.682896
42.190262
44.50359
44.218113
42.693382
43.166481
42.039089
40.178345
38.023796
35.795719
35.299046
33.952755
33.937473
32.865112
31.318712
33.835152
39.072422
40.361778
39.714478
38.157269
36.211906
37.534782
37.840668
36.800102
35.145489
33.247852
31.293056
29.372145
30.072987
33.707882
34.395958
33.647045
32.231461
32.236893
37.166668
39.216534
38.970428
38.477676
37.033546
40.268158
44.800102
45.570942
49.601513
49.98085
51.139809
50.091625
50.561447
50.897209
49.461288
49.764637
48.348663
46.15134
47.041252
45.992477
47.439056
46.645164
46.496868
45.814907
45.746429
44.277969
50.667171
53.842747
53.678349
51.914864
49.438732
46.697968
43.916142
41.201878
38.605228
36.146557
33.831333
31.657658
29.620163
27.712019
28.4711
29.639048
31.815102
33.558681
33.343025
32.193085
33.175728
32.606579
34.703598
38.015377
38.413052
37.398617
35.73777
33.818565
33.53228
34.039303
37.456642
37.922562
36.956306
36.180851
34.673019
32.86071
32.655838
31.532665
30.852064
34.647411
35.383034
34.626011
33.1758
31.43816
33.010601
34.426731
34.874962
34.844231
33.736019
32.145061
32.068966
37.813255
39.385651
42.298523
42.370182
47.013798
52.010811
54.475521
56.495041
56.540543
54.788086
52.227055
51.903229
50.118919
47.689102
45.025513
42.333229
40.560036
39.283943
39.135056
37.835419
36.023899
34.023327
31.994759
34.258404
41.057766
43.035099
45.179539
44.79174
43.199841
41.079582
40.468903
39.754013
38.163116
36.201412
41.758751
43.117531
42.417065
40.749546
41.215054
44.387272
44.517979
45.728912
46.572308
45.515926
48.670578
48.65844
48.822449
47.369118
45.184582
42.717384
46.130646
51.412842
52.336502
52.834545
51.415783
49.120815
46.4771
43.748783
46.155865
47.56039
46.742474
44.882801
43.429512
41.368614
39.080563
36.755192
34.484898
33.160679
34.029221
33.378517
32.018524
30.360535
28.611444
26.873482
25.195421
25.295555
29.640259
30.7969
30.38599
29.235081
30.310068
31.572018
31.187382
30.023937
28.522936
27.755308
26.515623
25.088116
24.46357
23.395905
22.148897
20.854908
21.275742
22.507017
24.088911
24.092754
23.338547
22.243902
26.110508
27.148268
26.794771
27.480936
27.796522
28.772602
33.428913
34.616322
36.645542
37.318607
37.319187
36.148342
36.148396
35.01405
33.37043
31.533779
29.662069
27.832235
26.079956
24.419903
22.856243
22.236357
24.63442
25.861561
28.184608
28.415913
29.332073
28.851643
28.563889
27.529308
26.168489
25.542093
26.13648
29.843786
30.687889
31.827089
34.769081
35.939438
35.373741
33.991962
32.261593
32.963272
33.114265
33.844429
35.678249
38.833023
39.129642
38.044186
38.025745
36.823601
35.09063
33.15712
33.733124
32.951199
31.541578
31.571524
30.595148
30.862885
30.022957
33.767796
34.506763
35.475651
34.827736
35.968788
36.236523
38.621578
38.555111
39.858513
43.475719
43.848766
45.197132
47.820019
49.275955
48.428905
48.199104
48.27298
48.490417
52.163574
53.139233
54.485497
55.967472
54.922962
52.69772
49.975212
48.796104
46.698486
44.22554
41.64991
42.499409
44.118938
43.512299
41.855469
46.533405
52.410378
53.588417
52.472569
50.289951
51.905487
51.05257
52.434437
52.301098
50.595791
51.582546
50.437786
48.305149
47.461758
45.567261
43.227375
40.746971
38.276951
35.88942
33.616402
31.469742
29.451141
27.557377
31.721806
35.27174
40.960339
44.103992
44.229885
42.902378
40.918423
38.681473
41.48357
44.921227
45.16267
44.709793
43.089203
40.95866
38.650002
36.328259
34.073093
34.46587
36.118145
36.626713
36.569984
35.39513
35.416904
34.315926
32.710262
30.912565
29.079029
29.83106
33.498112
34.208221
36.020988
38.306507
38.202141
36.953175
37.738869
36.931969
35.385414
34.380573
32.819035
32.735909
32.517094
32.239975
35.337151
38.261017
38.464691
37.355446
35.650398
34.561123
32.953362
32.843826
31.760544
35.333954
36.789852
43.970226
46.039169
45.588108
